obj.triangles.push(Triangle::new(-9.082789,-6.762601,-2.554317,-6.810033,-7.910763,-0.098504,-12.750238,-6.748628,-3.105906));
obj.triangles.push(Triangle::new(-9.164909,4.217418,-9.807681,-6.026644,9.027843,-8.548124,-6.191292,0.690471,-9.330367));
obj.triangles.push(Triangle::new(24.992813,-2.339306,5.037506,23.821974,0.679394,8.4858,24.495354,-6.805883,4.403514));
obj.triangles.push(Triangle::new(23.871683,-6.156603,7.139243,24.495354,-6.805883,4.403514,23.821974,0.679394,8.4858));
obj.triangles.push(Triangle::new(24.495354,-6.805883,4.403514,23.871683,-6.156603,7.139243,26.835697,-10.03511,3.889388));
obj.triangles.push(Triangle::new(27.00124,-10.413287,5.73579,26.835697,-10.03511,3.889388,23.871683,-6.156603,7.139243));
obj.triangles.push(Triangle::new(13.512174,-5.660678,-2.626604,14.700899,-9.602245,-0.191541,12.764687,-6.111056,0.174872));
obj.triangles.push(Triangle::new(-14.937035,-6.395015,-3.671772,-15.221603,-8.524366,-4.601596,-14.315559,-15.314738,-3.845145));
obj.triangles.push(Triangle::new(-22.538195,11.440927,3.98481,-17.923296,12.491851,4.679041,-22.020796,14.080095,2.50338));
obj.triangles.push(Triangle::new(12.176772,-4.959636,-5.968867,12.981956,-1.747382,-8.853601,14.920409,-6.046648,-4.721843));
obj.triangles.push(Triangle::new(-9.15047,-6.762601,2.292581,-12.833712,-6.748456,2.741873,-6.810033,-7.910763,-0.098504));
obj.triangles.push(Triangle::new(-5.145072,12.719008,-6.410397,-0.421398,14.403396,-5.84129,-0.686687,9.497152,-8.555845));
obj.triangles.push(Triangle::new(12.764687,-6.111056,0.174872,11.036368,-7.48739,-1.901813,13.512174,-5.660678,-2.626604));
obj.triangles.push(Triangle::new(24.130339,-22.878769,-3.515442,25.442673,-24.527222,-3.902636,24.317053,-12.583729,-2.008038));
obj.triangles.push(Triangle::new(12.00566,-4.963055,6.285327,14.782846,-6.048015,5.129782,12.731463,-1.753565,9.085444));
obj.triangles.push(Triangle::new(8.600674,16.738161,2.291385,12.689878,16.461,6.137331,16.439497,16.060072,5.93656));
obj.triangles.push(Triangle::new(-42.37612,7.723098,-2.25662,-38.60397,11.79642,-1.99443,-37.202698,9.749813,-3.114292));
obj.triangles.push(Triangle::new(12.00566,-4.963055,6.285327,12.731463,-1.753565,9.085444,8.198727,-6.274061,7.983323));
obj.triangles.push(Triangle::new(-31.459324,16.381552,3.873359,-32.274567,15.629725,4.193658,-32.137478,16.615446,7.678137));
obj.triangles.push(Triangle::new(22.908127,-8.235907,-3.041969,19.791563,-6.849221,-4.867346,23.802614,-3.120935,-3.781355));
obj.triangles.push(Triangle::new(3.665752,16.978254,0.047771,1.649877,16.105497,-4.495271,-5.641371,17.218285,-0.08218));
obj.triangles.push(Triangle::new(-35.688576,7.227267,-3.794544,-35.72218,5.564248,-2.461985,-40.782646,5.507622,-3.016296));
obj.triangles.push(Triangle::new(26.736094,-10.200794,-2.762393,26.187185,-21.547884,-4.333277,27.15095,-10.413366,-4.986644));
obj.triangles.push(Triangle::new(-31.459324,16.381552,3.873359,-32.137478,16.615446,7.678137,-30.036793,15.612816,3.81829));
obj.triangles.push(Triangle::new(-10.437227,11.125588,-7.584961,-10.520125,13.959587,-5.727848,-6.026644,9.027843,-8.548124));
obj.triangles.push(Triangle::new(-14.688422,-23.00576,4.640404,-13.562471,-18.503601,3.4417,-13.964459,-23.800293,3.49959));
obj.triangles.push(Triangle::new(-24.944927,15.397872,0.57234,-22.093401,14.981569,-0.311909,-26.140522,15.030873,-2.995193));
obj.triangles.push(Triangle::new(-32.22178,13.694011,8.685626,-30.949484,14.623756,8.112201,-32.137478,16.615446,7.678137));
obj.triangles.push(Triangle::new(-30.949484,14.623756,8.112201,-30.036793,15.612816,3.81829,-32.137478,16.615446,7.678137));
obj.triangles.push(Triangle::new(-13.956069,-26.232763,3.106537,-13.964459,-23.800293,3.49959,-12.697684,-24.563292,4.370386));
obj.triangles.push(Triangle::new(-38.570786,4.850851,0.647832,-33.138176,5.084325,0.601613,-35.728107,7.177291,2.739763));
obj.triangles.push(Triangle::new(22.155088,16.841719,-2.534627,20.827154,16.612846,-6.07483,16.598764,16.060036,-5.4821));
obj.triangles.push(Triangle::new(17.24189,-9.731421,-2.638064,20.149853,-10.183445,-2.432463,18.368792,-11.155796,-1.380854));
obj.triangles.push(Triangle::new(20.346983,10.301751,-9.248078,20.792475,5.193099,-9.757916,15.611633,12.592846,-7.816177));
obj.triangles.push(Triangle::new(-37.202698,9.749813,-3.114292,-36.167583,13.170598,-4.287916,-35.688576,7.227267,-3.794544));
obj.triangles.push(Triangle::new(-20.284018,-1.390365,-1.84055,-20.790627,0.959148,-5.409461,-18.502089,-5.72357,-2.88462));
obj.triangles.push(Triangle::new(-13.460848,-18.50334,-3.825948,-14.315559,-15.314738,-3.845145,-13.692308,-17.00733,-5.713887));
obj.triangles.push(Triangle::new(22.884398,-11.31993,-5.640519,25.855366,-10.971042,-5.855622,25.503807,-15.877608,-5.353174));
obj.triangles.push(Triangle::new(19.654264,-4.150219,-4.968446,19.791563,-6.849221,-4.867346,15.072062,-4.574659,-4.070474));
obj.triangles.push(Triangle::new(-30.036793,15.612816,3.81829,-30.949484,14.623756,8.112201,-30.848572,14.61111,3.794884));
obj.triangles.push(Triangle::new(-30.036793,15.612816,3.81829,-30.848572,14.61111,3.794884,-27.375769,14.437456,3.043109));
obj.triangles.push(Triangle::new(-30.848572,14.61111,3.794884,-29.29686,10.768401,3.716745,-22.538195,11.440927,3.98481));
obj.triangles.push(Triangle::new(-13.846362,-17.007605,5.322114,-14.167623,-22.802225,5.536588,-11.596084,-16.671362,5.266315));
obj.triangles.push(Triangle::new(20.266808,17.612318,0.279357,3.665752,16.978254,0.047771,8.600674,16.738161,2.291385));
obj.triangles.push(Triangle::new(-32.22178,13.694011,8.685626,-30.848572,14.61111,3.794884,-30.949484,14.623756,8.112201));
obj.triangles.push(Triangle::new(-17.005123,1.752007,8.557931,-13.998947,1.679919,9.628555,-16.50498,5.63146,7.942406));
obj.triangles.push(Triangle::new(-17.005123,1.752007,8.557931,-16.367146,-2.449603,8.161388,-13.998947,1.679919,9.628555));
obj.triangles.push(Triangle::new(-29.91829,15.612868,-4.66243,-31.338972,16.38166,-4.757431,-26.140522,15.030873,-2.995193));
obj.triangles.push(Triangle::new(-5.582425,-3.322658,-7.807457,-9.082789,-6.762601,-2.554317,-9.223923,-4.47348,-6.990335));
obj.triangles.push(Triangle::new(-23.652647,0.256963,-0.215861,-20.372198,2.415569,-3.25359,-20.284018,-1.390365,-1.84055));
obj.triangles.push(Triangle::new(-18.897429,4.505968,-6.252806,-16.475616,1.789839,-9.188681,-20.790627,0.959148,-5.409461));
obj.triangles.push(Triangle::new(-13.460848,-18.50334,-3.825948,-13.692308,-17.00733,-5.713887,-14.162601,-23.552109,-4.074731));
obj.triangles.push(Triangle::new(-33.698193,18.478237,0.593545,-36.019936,16.051846,-1.969166,-38.41836,12.696908,-0.53985));
obj.triangles.push(Triangle::new(-14.39289,-25.985926,-7.18188,-17.750093,-26.115591,-5.405381,-14.097353,-22.944088,-5.929327));
obj.triangles.push(Triangle::new(-5.803149,-3.319387,7.648311,-9.15047,-6.762601,2.292581,-2.113482,-8.535117,3.421119));
obj.triangles.push(Triangle::new(-19.197998,4.879769,5.580347,-17.005123,1.752007,8.557931,-16.50498,5.63146,7.942406));
obj.triangles.push(Triangle::new(12.764687,-6.111056,0.174872,13.433734,-5.661216,2.995614,11.036368,-7.48739,-1.901813));
obj.triangles.push(Triangle::new(-17.631205,-26.101591,4.66534,-16.089506,-26.033726,6.556078,-14.688422,-23.00576,4.640404));
obj.triangles.push(Triangle::new(20.266808,17.612318,0.279357,25.265043,16.626715,0.349339,22.155088,16.841719,-2.534627));
obj.triangles.push(Triangle::new(-5.582425,-3.322658,-7.807457,-6.191292,0.690471,-9.330367,-2.127112,-3.041208,-8.630121));
obj.triangles.push(Triangle::new(-32.22178,13.694011,8.685626,-32.137478,16.615446,7.678137,-30.848572,14.61111,3.794884));
obj.triangles.push(Triangle::new(-32.274567,15.629725,4.193658,-30.848572,14.61111,3.794884,-32.137478,16.615446,7.678137));
obj.triangles.push(Triangle::new(-6.810033,-7.910763,-0.098504,-1.954205,-8.539126,-3.522801,-2.737988,-9.329652,-0.041644));
obj.triangles.push(Triangle::new(25.575254,-5.297964,1.804637,23.01493,-7.432215,4.046352,24.820936,-7.47318,0.150446));
obj.triangles.push(Triangle::new(-10.930717,-6.463564,-4.472038,-10.567986,-7.063107,-6.379681,-9.223923,-4.47348,-6.990335));
obj.triangles.push(Triangle::new(-32.32845,18.89851,-1.141186,-24.944927,15.397872,0.57234,-30.888355,18.066103,-2.480559));
obj.triangles.push(Triangle::new(20.149853,-10.183445,-2.432463,16.707106,-6.949171,-4.337694,19.791563,-6.849221,-4.867346));
obj.triangles.push(Triangle::new(-6.810033,-7.910763,-0.098504,-2.113482,-8.535117,3.421119,-9.15047,-6.762601,2.292581));
obj.triangles.push(Triangle::new(-12.735498,-25.030602,5.676804,-16.089506,-26.033726,6.556078,-13.956069,-26.232763,3.106537));
obj.triangles.push(Triangle::new(16.57858,-6.947741,4.795787,19.647833,-6.848576,5.411328,14.952835,-4.574748,4.48233));
obj.triangles.push(Triangle::new(-22.020796,14.080095,2.50338,-10.984387,16.888548,3.198206,-22.093401,14.981569,-0.311909));
obj.triangles.push(Triangle::new(20.427534,-25.758045,-4.604506,23.984295,-26.241444,-2.786845,24.130339,-22.878769,-3.515442));
obj.triangles.push(Triangle::new(-40.009876,6.035857,0.576709,-40.782646,5.507622,-3.016296,-40.90089,5.29045,1.874416));
obj.triangles.push(Triangle::new(12.981956,-1.747382,-8.853601,8.408435,-2.176825,-10.637885,11.685239,4.099223,-9.610168));
obj.triangles.push(Triangle::new(-20.069372,0.012328,4.616201,-17.490961,-5.29285,4.403073,-16.367146,-2.449603,8.161388));
obj.triangles.push(Triangle::new(-40.90089,5.29045,1.874416,-41.273212,5.203682,-2.657907,-40.009876,6.035857,0.576709));
obj.triangles.push(Triangle::new(-14.040252,-2.92138,9.063482,-12.792765,-14.151863,6.226682,-11.826528,-8.005843,7.403806));
obj.triangles.push(Triangle::new(-29.91829,15.612868,-4.66243,-26.140522,15.030873,-2.995193,-30.730427,14.611137,-4.661521));
obj.triangles.push(Triangle::new(-13.956069,-26.232763,3.106537,-16.089506,-26.033726,6.556078,-17.631205,-26.101591,4.66534));
obj.triangles.push(Triangle::new(11.685239,4.099223,-9.610168,11.879427,8.928228,-9.421194,16.405968,4.609044,-9.880384));
obj.triangles.push(Triangle::new(-12.684883,5.771654,-9.437106,-13.724544,1.679918,-10.02284,-16.276686,5.631459,-8.406979));
obj.triangles.push(Triangle::new(-23.652647,0.256963,-0.215861,-29.464197,4.411062,-0.271181,-28.109083,5.003722,-1.714221));
obj.triangles.push(Triangle::new(7.982779,3.411415,-10.667227,8.408435,-2.176825,-10.637885,2.379355,3.228654,-10.85417));
obj.triangles.push(Triangle::new(26.187185,-21.547884,-4.333277,25.442673,-24.527222,-3.902636,25.28448,-24.545607,-5.344545));
obj.triangles.push(Triangle::new(-22.020796,14.080095,2.50338,-24.944927,15.397872,0.57234,-27.375769,14.437456,3.043109));
obj.triangles.push(Triangle::new(8.96152,-8.297771,2.821212,3.543233,-9.2946,3.341383,7.96626,-9.097842,-1.089765));
obj.triangles.push(Triangle::new(-2.23912,9.322314,8.3865,3.47741,8.636218,9.735485,-0.580149,14.414016,5.810533));
obj.triangles.push(Triangle::new(12.856391,16.461,-5.787473,16.598764,16.060036,-5.4821,12.177002,13.47759,-7.988255));
obj.triangles.push(Triangle::new(16.439497,16.060072,5.93656,22.073477,16.842138,3.147218,20.266808,17.612318,0.279357));
obj.triangles.push(Triangle::new(-2.365115,-3.041207,8.414426,-5.803149,-3.319387,7.648311,-2.113482,-8.535117,3.421119));
obj.triangles.push(Triangle::new(-6.449303,0.691839,9.147037,-3.433947,3.75566,9.517227,-9.435088,4.217419,9.541136));
obj.triangles.push(Triangle::new(-12.684883,5.771654,-9.437106,-9.164909,4.217418,-9.807681,-13.724544,1.679918,-10.02284));
obj.triangles.push(Triangle::new(-16.132784,-2.449603,-8.622369,-13.515079,-3.221732,-9.398492,-14.99164,-6.937144,-7.644381));
obj.triangles.push(Triangle::new(5.53271,12.933085,7.515557,6.825261,15.373382,5.156841,-0.580149,14.414016,5.810533));
obj.triangles.push(Triangle::new(-40.009876,6.035857,0.576709,-41.273212,5.203682,-2.657907,-40.782646,5.507622,-3.016296));
obj.triangles.push(Triangle::new(-17.785727,12.491916,-5.184753,-20.193428,9.556616,-5.323593,-22.417631,11.440688,-4.619882));
obj.triangles.push(Triangle::new(23.897154,-26.241367,3.448262,23.289011,-26.03367,7.165592,20.291037,-25.758041,5.16606));
obj.triangles.push(Triangle::new(5.725016,12.934349,-7.361298,-0.421398,14.403396,-5.84129,6.965264,15.373317,-4.971077));
obj.triangles.push(Triangle::new(7.982779,3.411415,-10.667227,11.685239,4.099223,-9.610168,8.408435,-2.176825,-10.637885));
obj.triangles.push(Triangle::new(21.475138,-11.255631,2.049344,19.647833,-6.848576,5.411328,16.57858,-6.947741,4.795787));
obj.triangles.push(Triangle::new(11.879427,8.928228,-9.421194,12.177002,13.47759,-7.988255,15.611633,12.592846,-7.816177));
obj.triangles.push(Triangle::new(-11.596084,-16.671362,5.266315,-14.167623,-22.802225,5.536588,-12.735498,-25.030602,5.676804));
obj.triangles.push(Triangle::new(21.987919,-10.201658,-0.280383,24.820936,-7.47318,0.150446,21.475138,-11.255631,2.049344));
obj.triangles.push(Triangle::new(19.654264,-4.150219,-4.968446,15.072062,-4.574659,-4.070474,18.495468,-3.924142,-2.628107));
obj.triangles.push(Triangle::new(-5.803149,-3.319387,7.648311,-9.415511,-4.475291,6.722624,-9.15047,-6.762601,2.292581));
obj.triangles.push(Triangle::new(8.660373,16.738203,-2.057025,6.965264,15.373317,-4.971077,1.649877,16.105497,-4.495271));
obj.triangles.push(Triangle::new(-22.417631,11.440688,-4.619882,-30.730427,14.611137,-4.661521,-26.140522,15.030873,-2.995193));
obj.triangles.push(Triangle::new(26.187185,-21.547884,-4.333277,25.503807,-15.877608,-5.353174,27.15095,-10.413366,-4.986644));
obj.triangles.push(Triangle::new(8.198727,-6.274061,7.983323,8.96152,-8.297771,2.821212,12.00566,-4.963055,6.285327));
obj.triangles.push(Triangle::new(-17.788336,-4.04864,-5.335964,-14.99164,-6.937144,-7.644381,-15.221603,-8.524366,-4.601596));
obj.triangles.push(Triangle::new(-15.221603,-8.524366,-4.601596,-14.937035,-6.395015,-3.671772,-17.788336,-4.04864,-5.335964));
obj.triangles.push(Triangle::new(14.782846,-6.048015,5.129782,12.00566,-4.963055,6.285327,14.952835,-4.574748,4.48233));
obj.triangles.push(Triangle::new(-31.338972,16.38166,-4.757431,-31.910069,16.614843,-8.579185,-32.144917,15.629603,-5.10024));
obj.triangles.push(Triangle::new(-9.164909,4.217418,-9.807681,-12.684883,5.771654,-9.437106,-6.026644,9.027843,-8.548124));
obj.triangles.push(Triangle::new(-22.538195,11.440927,3.98481,-27.375769,14.437456,3.043109,-30.848572,14.61111,3.794884));
obj.triangles.push(Triangle::new(-20.193428,9.556616,-5.323593,-17.785727,12.491916,-5.184753,-14.987918,10.536065,-6.840468));
obj.triangles.push(Triangle::new(-10.437227,11.125588,-7.584961,-14.987918,10.536065,-6.840468,-10.520125,13.959587,-5.727848));
obj.triangles.push(Triangle::new(-31.338972,16.38166,-4.757431,-29.91829,15.612868,-4.66243,-31.910069,16.614843,-8.579185));
obj.triangles.push(Triangle::new(18.158806,-10.57172,2.622467,14.724009,-8.959437,2.016692,18.32316,-11.15586,1.885999));
obj.triangles.push(Triangle::new(27.15095,-10.413366,-4.986644,24.061556,-6.156468,-6.477128,26.736094,-10.200794,-2.762393));
obj.triangles.push(Triangle::new(-10.520125,13.959587,-5.727848,-17.785727,12.491916,-5.184753,-10.897041,16.859602,-3.533847));
obj.triangles.push(Triangle::new(-31.966547,13.694087,-9.588853,-31.910069,16.614843,-8.579185,-30.710728,14.62383,-8.979824));
obj.triangles.push(Triangle::new(-30.710728,14.62383,-8.979824,-31.910069,16.614843,-8.579185,-29.91829,15.612868,-4.66243));
obj.triangles.push(Triangle::new(-40.739494,4.062541,-0.572341,-38.570786,4.850851,0.647832,-40.90089,5.29045,1.874416));
obj.triangles.push(Triangle::new(20.266808,17.612318,0.279357,8.660373,16.738203,-2.057025,3.665752,16.978254,0.047771));
obj.triangles.push(Triangle::new(-18.897429,4.505968,-6.252806,-21.846407,6.293636,-4.359272,-20.193428,9.556616,-5.323593));
obj.triangles.push(Triangle::new(-22.297264,6.241607,3.630675,-29.495178,7.918603,2.895533,-23.652647,0.256963,-0.215861));
obj.triangles.push(Triangle::new(-10.868138,-0.062386,-9.786928,-13.724544,1.679918,-10.02284,-9.164909,4.217418,-9.807681));
obj.triangles.push(Triangle::new(-38.60397,11.79642,-1.99443,-36.167583,13.170598,-4.287916,-37.202698,9.749813,-3.114292));
obj.triangles.push(Triangle::new(-20.790627,0.959148,-5.409461,-20.372198,2.415569,-3.25359,-18.897429,4.505968,-6.252806));
obj.triangles.push(Triangle::new(22.258991,-8.471698,-2.169529,18.349958,-5.816438,-2.940513,21.730902,-10.222846,-3.679071));
obj.triangles.push(Triangle::new(-38.570786,4.850851,0.647832,-35.728107,7.177291,2.739763,-40.90089,5.29045,1.874416));
obj.triangles.push(Triangle::new(-24.944927,15.397872,0.57234,-30.036793,15.612816,3.81829,-27.375769,14.437456,3.043109));
obj.triangles.push(Triangle::new(-29.91829,15.612868,-4.66243,-30.730427,14.611137,-4.661521,-30.710728,14.62383,-8.979824));
obj.triangles.push(Triangle::new(-32.32845,18.89851,-1.141186,-30.945475,18.066103,1.609972,-24.944927,15.397872,0.57234));
obj.triangles.push(Triangle::new(-20.284018,-1.390365,-1.84055,-18.502089,-5.72357,-2.88462,-20.471014,-5.705745,-0.238115));
obj.triangles.push(Triangle::new(16.598764,16.060036,-5.4821,20.266808,17.612318,0.279357,22.155088,16.841719,-2.534627));
obj.triangles.push(Triangle::new(-31.966547,13.694087,-9.588853,-30.710728,14.62383,-8.979824,-30.730427,14.611137,-4.661521));
obj.triangles.push(Triangle::new(-0.580149,14.414016,5.810533,1.522284,16.105568,4.532282,-5.63404,15.617009,3.189472));
obj.triangles.push(Triangle::new(20.149853,-10.183445,-2.432463,21.987919,-10.201658,-0.280383,20.418413,-10.261209,0.511351));
obj.triangles.push(Triangle::new(-16.367146,-2.449603,8.161388,-17.005123,1.752007,8.557931,-20.069372,0.012328,4.616201));
obj.triangles.push(Triangle::new(13.512174,-5.660678,-2.626604,17.24189,-9.731421,-2.638064,14.700899,-9.602245,-0.191541));
obj.triangles.push(Triangle::new(-38.570786,4.850851,0.647832,-40.739494,4.062541,-0.572341,-35.72218,5.564248,-2.461985));
obj.triangles.push(Triangle::new(3.543233,-9.2946,3.341383,2.697469,-6.691819,8.010545,-2.113482,-8.535117,3.421119));
obj.triangles.push(Triangle::new(-20.790627,0.959148,-5.409461,-20.284018,-1.390365,-1.84055,-20.372198,2.415569,-3.25359));
obj.triangles.push(Triangle::new(-36.019936,16.051846,-1.969166,-32.777905,17.569979,-3.278733,-35.026127,14.65215,-4.255695));
obj.triangles.push(Triangle::new(-32.698605,16.425406,-4.338353,-35.026127,14.65215,-4.255695,-32.777905,17.569979,-3.278733));
obj.triangles.push(Triangle::new(-15.242182,-6.463468,3.32267,-17.490961,-5.29285,4.403073,-16.463531,-7.501808,-0.565019));
obj.triangles.push(Triangle::new(-0.464632,-6.644403,6.935611,-2.113482,-8.535117,3.421119,2.697469,-6.691819,8.010545));
obj.triangles.push(Triangle::new(-14.417233,-15.313308,3.436783,-11.833417,-16.22927,2.896118,-13.562471,-18.503601,3.4417));
obj.triangles.push(Triangle::new(-0.270066,-6.644404,-6.998187,2.921567,-6.69182,-8.038221,-1.954205,-8.539126,-3.522801));
obj.triangles.push(Triangle::new(-21.846407,6.293636,-4.359272,-29.404673,7.922619,-3.726366,-31.502802,11.449838,-4.628072));
obj.triangles.push(Triangle::new(23.01493,-7.432215,4.046352,19.647833,-6.848576,5.411328,21.475138,-11.255631,2.049344));
obj.triangles.push(Triangle::new(-11.826528,-8.005843,7.403806,-10.741881,-7.062827,6.075236,-11.125491,-0.215183,9.437411));
obj.triangles.push(Triangle::new(-20.471014,-5.705745,-0.238115,-18.502089,-5.72357,-2.88462,-16.463531,-7.501808,-0.565019));
obj.triangles.push(Triangle::new(-31.966547,13.694087,-9.588853,-30.730427,14.611137,-4.661521,-31.910069,16.614843,-8.579185));
obj.triangles.push(Triangle::new(-10.930717,-6.463564,-4.472038,-12.750238,-6.748628,-3.105906,-10.905637,-16.223246,-4.137967));
obj.triangles.push(Triangle::new(-26.140522,15.030873,-2.995193,-30.888355,18.066103,-2.480559,-24.944927,15.397872,0.57234));
obj.triangles.push(Triangle::new(-21.942251,14.080089,-3.124084,-26.140522,15.030873,-2.995193,-22.093401,14.981569,-0.311909));
obj.triangles.push(Triangle::new(-19.931734,1.379931,2.335941,-23.652647,0.256963,-0.215861,-20.002535,-1.885202,1.349843));
obj.triangles.push(Triangle::new(-32.144917,15.629603,-5.10024,-31.910069,16.614843,-8.579185,-30.730427,14.611137,-4.661521));
obj.triangles.push(Triangle::new(-36.019936,16.051846,-1.969166,-35.026127,14.65215,-4.255695,-36.167583,13.170598,-4.287916));
obj.triangles.push(Triangle::new(25.723392,-2.958438,-1.730622,25.660574,-1.009686,-2.261016,25.136847,0.328362,0.347587));
obj.triangles.push(Triangle::new(24.130339,-22.878769,-3.515442,24.028828,-22.642702,-5.169455,20.427534,-25.758045,-4.604506));
obj.triangles.push(Triangle::new(25.136847,0.328362,0.347587,25.660574,-1.009686,-2.261016,26.559696,5.238866,0.384505));
obj.triangles.push(Triangle::new(-13.956069,-26.232763,3.106537,-12.697684,-24.563292,4.370386,-12.735498,-25.030602,5.676804));
obj.triangles.push(Triangle::new(26.96375,4.370378,-2.290799,26.559696,5.238866,0.384505,25.660574,-1.009686,-2.261016));
obj.triangles.push(Triangle::new(-11.13782,17.807268,-0.185867,-10.897041,16.859602,-3.533847,-22.093401,14.981569,-0.311909));
obj.triangles.push(Triangle::new(18.495468,-3.924142,-2.628107,18.349958,-5.816438,-2.940513,25.123817,-2.3393,-4.344512));
obj.triangles.push(Triangle::new(20.382023,14.041015,-8.074365,15.611633,12.592846,-7.816177,20.827154,16.612846,-6.07483));
obj.triangles.push(Triangle::new(22.860125,-4.774107,-2.545408,25.123817,-2.3393,-4.344512,18.349958,-5.816438,-2.940513));
obj.triangles.push(Triangle::new(18.349958,-5.816438,-2.940513,22.258991,-8.471698,-2.169529,22.860125,-4.774107,-2.545408));
obj.triangles.push(Triangle::new(26.96375,4.370378,-2.290799,26.519537,8.703548,-5.611385,26.559696,5.238866,0.384505));
obj.triangles.push(Triangle::new(-16.475616,1.789839,-9.188681,-16.276686,5.631459,-8.406979,-13.724544,1.679918,-10.02284));
obj.triangles.push(Triangle::new(25.611292,8.214376,0.354206,26.559696,5.238866,0.384505,26.519537,8.703548,-5.611385));
obj.triangles.push(Triangle::new(8.600674,16.738161,2.291385,16.439497,16.060072,5.93656,20.266808,17.612318,0.279357));
obj.triangles.push(Triangle::new(-14.167623,-22.802225,5.536588,-13.846362,-17.007605,5.322114,-14.688422,-23.00576,4.640404));
obj.triangles.push(Triangle::new(22.258991,-8.471698,-2.169529,24.608856,-6.805883,-3.725011,22.860125,-4.774107,-2.545408));
obj.triangles.push(Triangle::new(25.123817,-2.3393,-4.344512,22.860125,-4.774107,-2.545408,24.608856,-6.805883,-3.725011));
obj.triangles.push(Triangle::new(26.736094,-10.200794,-2.762393,22.258991,-8.471698,-2.169529,24.317053,-12.583729,-2.008038));
obj.triangles.push(Triangle::new(22.258991,-8.471698,-2.169529,26.736094,-10.200794,-2.762393,24.608856,-6.805883,-3.725011));
obj.triangles.push(Triangle::new(8.198727,-6.274061,7.983323,8.112534,-2.176824,10.553056,2.697469,-6.691819,8.010545));
obj.triangles.push(Triangle::new(25.123817,-2.3393,-4.344512,24.608856,-6.805883,-3.725011,24.049696,0.679378,-7.824166));
obj.triangles.push(Triangle::new(14.700899,-9.602245,-0.191541,17.24189,-9.731421,-2.638064,18.368792,-11.155796,-1.380854));
obj.triangles.push(Triangle::new(-3.433947,3.75566,9.517227,-6.449303,0.691839,9.147037,-2.365115,-3.041207,8.414426));
obj.triangles.push(Triangle::new(-20.069372,0.012328,4.616201,-19.931734,1.379931,2.335941,-20.002535,-1.885202,1.349843));
obj.triangles.push(Triangle::new(-6.449303,0.691839,9.147037,-9.170168,-2.138917,8.611016,-5.803149,-3.319387,7.648311));
obj.triangles.push(Triangle::new(20.418413,-10.261209,0.511351,14.700899,-9.602245,-0.191541,18.368792,-11.155796,-1.380854));
obj.triangles.push(Triangle::new(25.123817,-2.3393,-4.344512,26.676474,4.821388,-5.879108,25.660574,-1.009686,-2.261016));
obj.triangles.push(Triangle::new(26.96375,4.370378,-2.290799,25.660574,-1.009686,-2.261016,26.676474,4.821388,-5.879108));
obj.triangles.push(Triangle::new(26.676474,4.821388,-5.879108,26.519537,8.703548,-5.611385,26.96375,4.370378,-2.290799));
obj.triangles.push(Triangle::new(25.123817,-2.3393,-4.344512,24.049696,0.679378,-7.824166,26.676474,4.821388,-5.879108));
obj.triangles.push(Triangle::new(-12.943341,5.771655,9.072391,-16.50498,5.63146,7.942406,-13.998947,1.679919,9.628555));
obj.triangles.push(Triangle::new(24.190636,8.919686,-8.038832,26.676474,4.821388,-5.879108,24.049696,0.679378,-7.824166));
obj.triangles.push(Triangle::new(24.061556,-6.156468,-6.477128,24.049696,0.679378,-7.824166,24.608856,-6.805883,-3.725011));
obj.triangles.push(Triangle::new(24.608856,-6.805883,-3.725011,26.736094,-10.200794,-2.762393,24.061556,-6.156468,-6.477128));
obj.triangles.push(Triangle::new(-40.782646,5.507622,-3.016296,-40.739494,4.062541,-0.572341,-40.90089,5.29045,1.874416));
obj.triangles.push(Triangle::new(24.049696,0.679378,-7.824166,24.061556,-6.156468,-6.477128,22.304173,-2.063444,-7.980278));
obj.triangles.push(Triangle::new(22.304173,-2.063444,-7.980278,21.744404,1.587169,-9.536609,24.049696,0.679378,-7.824166));
obj.triangles.push(Triangle::new(24.190636,8.919686,-8.038832,24.049696,0.679378,-7.824166,20.792475,5.193099,-9.757916));
obj.triangles.push(Triangle::new(21.744404,1.587169,-9.536609,20.792475,5.193099,-9.757916,24.049696,0.679378,-7.824166));
obj.triangles.push(Triangle::new(23.984295,-26.241444,-2.786845,20.427534,-25.758045,-4.604506,23.48032,-26.033323,-6.51952));
obj.triangles.push(Triangle::new(-10.644843,11.125588,7.283413,-10.675551,13.959887,5.424803,-15.172976,10.536065,6.41249));
obj.triangles.push(Triangle::new(26.519537,8.703548,-5.611385,26.676474,4.821388,-5.879108,24.190636,8.919686,-8.038832));
obj.triangles.push(Triangle::new(20.792475,5.193099,-9.757916,21.744404,1.587169,-9.536609,16.405968,4.609044,-9.880384));
obj.triangles.push(Triangle::new(24.190636,8.919686,-8.038832,24.039587,13.366942,-7.805551,26.519537,8.703548,-5.611385));
obj.triangles.push(Triangle::new(17.05522,0.416325,-10.085703,16.405968,4.609044,-9.880384,21.744404,1.587169,-9.536609));
obj.triangles.push(Triangle::new(21.744404,1.587169,-9.536609,22.304173,-2.063444,-7.980278,17.05522,0.416325,-10.085703));
obj.triangles.push(Triangle::new(26.4237,11.542697,-5.235134,26.519537,8.703548,-5.611385,24.039587,13.366942,-7.805551));
obj.triangles.push(Triangle::new(26.519537,8.703548,-5.611385,26.4237,11.542697,-5.235134,25.611292,8.214376,0.354206));
obj.triangles.push(Triangle::new(-15.338823,-7.339945,7.133777,-13.846362,-17.007605,5.322114,-14.040252,-2.92138,9.063482));
obj.triangles.push(Triangle::new(24.039587,13.366942,-7.805551,24.190636,8.919686,-8.038832,20.382023,14.041015,-8.074365));
obj.triangles.push(Triangle::new(26.4237,11.542697,-5.235134,28.403702,9.546569,-1.936085,25.611292,8.214376,0.354206));
obj.triangles.push(Triangle::new(27.423523,8.26524,0.379526,25.611292,8.214376,0.354206,28.403702,9.546569,-1.936085));
obj.triangles.push(Triangle::new(24.039587,13.366942,-7.805551,24.118656,15.942225,-5.93956,26.4237,11.542697,-5.235134));
obj.triangles.push(Triangle::new(24.039587,13.366942,-7.805551,20.382023,14.041015,-8.074365,24.118656,15.942225,-5.93956));
obj.triangles.push(Triangle::new(26.4237,11.542697,-5.235134,26.298252,14.170763,-4.095478,28.403702,9.546569,-1.936085));
obj.triangles.push(Triangle::new(26.298252,14.170763,-4.095478,26.4237,11.542697,-5.235134,24.118656,15.942225,-5.93956));
obj.triangles.push(Triangle::new(22.884398,-11.31993,-5.640519,19.54633,-4.623271,-8.505481,25.855366,-10.971042,-5.855622));
obj.triangles.push(Triangle::new(-12.251922,-24.267706,-5.318279,-11.75006,-16.237535,-3.233638,-14.162601,-23.552109,-4.074731));
obj.triangles.push(Triangle::new(29.028152,12.047561,0.415663,28.403702,9.546569,-1.936085,26.298252,14.170763,-4.095478));
obj.triangles.push(Triangle::new(28.403702,9.546569,-1.936085,28.480274,2.794384,-0.784759,27.423523,8.26524,0.379526));
obj.triangles.push(Triangle::new(27.228394,-2.006674,0.37679,27.423523,8.26524,0.379526,28.480274,2.794384,-0.784759));
obj.triangles.push(Triangle::new(-13.862452,-26.229609,-3.502449,-12.251922,-24.267706,-5.318279,-14.162601,-23.552109,-4.074731));
obj.triangles.push(Triangle::new(14.700899,-9.602245,-0.191541,14.724009,-8.959437,2.016692,12.764687,-6.111056,0.174872));
obj.triangles.push(Triangle::new(-11.13782,17.807268,-0.185867,-22.093401,14.981569,-0.311909,-10.984387,16.888548,3.198206));
obj.triangles.push(Triangle::new(26.847025,3.984475,3.208589,25.587534,-1.009754,2.969466,26.559696,5.238866,0.384505));
obj.triangles.push(Triangle::new(28.403702,9.546569,-1.936085,29.670828,6.486971,0.408862,28.480274,2.794384,-0.784759));
obj.triangles.push(Triangle::new(29.670828,6.486971,0.408862,28.403702,9.546569,-1.936085,29.028152,12.047561,0.415663));
obj.triangles.push(Triangle::new(-13.846362,-17.007605,5.322114,-15.338823,-7.339945,7.133777,-14.417233,-15.313308,3.436783));
obj.triangles.push(Triangle::new(-12.833712,-6.748456,2.741873,-11.833417,-16.22927,2.896118,-15.242182,-6.463468,3.32267));
obj.triangles.push(Triangle::new(-14.987918,10.536065,-6.840468,-18.897429,4.505968,-6.252806,-20.193428,9.556616,-5.323593));
obj.triangles.push(Triangle::new(-31.338972,16.38166,-4.757431,-32.144917,15.629603,-5.10024,-32.698605,16.425406,-4.338353));
obj.triangles.push(Triangle::new(23.01493,-7.432215,4.046352,21.475138,-11.255631,2.049344,24.820936,-7.47318,0.150446));
obj.triangles.push(Triangle::new(20.266808,17.612318,0.279357,22.073477,16.842138,3.147218,25.265043,16.626715,0.349339));
obj.triangles.push(Triangle::new(28.089212,-11.713809,-0.086727,27.228394,-2.006674,0.37679,28.480274,2.794384,-0.784759));
obj.triangles.push(Triangle::new(-11.125491,-0.215183,9.437411,-14.040252,-2.92138,9.063482,-11.826528,-8.005843,7.403806));
obj.triangles.push(Triangle::new(-9.415511,-4.475291,6.722624,-11.125491,-0.215183,9.437411,-10.741881,-7.062827,6.075236));
obj.triangles.push(Triangle::new(28.480274,2.794384,-0.784759,29.670828,6.486971,0.408862,28.089212,-11.713809,-0.086727));
obj.triangles.push(Triangle::new(23.964565,-16.257162,-4.260207,24.317053,-12.583729,-2.008038,21.730902,-10.222846,-3.679071));
obj.triangles.push(Triangle::new(-13.862452,-26.229609,-3.502449,-14.39289,-25.985926,-7.18188,-12.251922,-24.267706,-5.318279));
obj.triangles.push(Triangle::new(-14.167623,-22.802225,5.536588,-14.688422,-23.00576,4.640404,-16.089506,-26.033726,6.556078));
obj.triangles.push(Triangle::new(-9.415511,-4.475291,6.722624,-5.803149,-3.319387,7.648311,-9.170168,-2.138917,8.611016));
obj.triangles.push(Triangle::new(-32.856762,17.569979,2.355411,-32.80699,16.425484,3.416677,-33.336437,18.648893,6.034147));
obj.triangles.push(Triangle::new(-30.888355,18.066103,-2.480559,-32.777905,17.569979,-3.278733,-32.32845,18.89851,-1.141186));
obj.triangles.push(Triangle::new(28.447031,2.789797,1.572329,28.175184,-10.580644,1.184437,29.670828,6.486971,0.408862));
obj.triangles.push(Triangle::new(21.730902,-10.222846,-3.679071,22.884398,-11.31993,-5.640519,23.964565,-16.257162,-4.260207));
obj.triangles.push(Triangle::new(28.175184,-10.580644,1.184437,28.447031,2.789797,1.572329,27.228394,-2.006674,0.37679));
obj.triangles.push(Triangle::new(-9.15047,-6.762601,2.292581,-11.052646,-6.464019,4.157969,-12.833712,-6.748456,2.741873));
obj.triangles.push(Triangle::new(-40.739494,4.062541,-0.572341,-40.782646,5.507622,-3.016296,-35.72218,5.564248,-2.461985));
obj.triangles.push(Triangle::new(27.228394,-2.006674,0.37679,28.089212,-11.713809,-0.086727,28.175184,-10.580644,1.184437));
obj.triangles.push(Triangle::new(26.50202,4.821389,6.614502,26.847025,3.984475,3.208589,26.35262,8.703548,6.3425));
obj.triangles.push(Triangle::new(-5.321955,12.719008,6.257073,-2.23912,9.322314,8.3865,-0.580149,14.414016,5.810533));
obj.triangles.push(Triangle::new(-42.330887,5.333162,0.644182,-43.131264,7.628567,0.51465,-41.273212,5.203682,-2.657907));
obj.triangles.push(Triangle::new(8.660373,16.738203,-2.057025,1.649877,16.105497,-4.495271,3.665752,16.978254,0.047771));
obj.triangles.push(Triangle::new(-18.502089,-5.72357,-2.88462,-17.788336,-4.04864,-5.335964,-14.937035,-6.395015,-3.671772));
obj.triangles.push(Triangle::new(-35.728107,7.177291,2.739763,-34.98306,8.581658,3.166607,-40.90089,5.29045,1.874416));
obj.triangles.push(Triangle::new(27.228394,-2.006674,0.37679,28.447031,2.789797,1.572329,27.423523,8.26524,0.379526));
obj.triangles.push(Triangle::new(-14.417233,-15.313308,3.436783,-15.242182,-6.463468,3.32267,-11.833417,-16.22927,2.896118));
obj.triangles.push(Triangle::new(28.338648,9.546609,2.721262,27.423523,8.26524,0.379526,28.447031,2.789797,1.572329));
obj.triangles.push(Triangle::new(28.338648,9.546609,2.721262,28.447031,2.789797,1.572329,29.670828,6.486971,0.408862));
obj.triangles.push(Triangle::new(24.820936,-7.47318,0.150446,22.908127,-8.235907,-3.041969,25.723392,-2.958438,-1.730622));
obj.triangles.push(Triangle::new(29.670828,6.486971,0.408862,29.028152,12.047561,0.415663,28.338648,9.546609,2.721262));
obj.triangles.push(Triangle::new(-13.846362,-17.007605,5.322114,-11.596084,-16.671362,5.266315,-12.792765,-14.151863,6.226682));
obj.triangles.push(Triangle::new(19.54633,-4.623271,-8.505481,22.884398,-11.31993,-5.640519,17.649313,-6.845833,-6.857248));
obj.triangles.push(Triangle::new(27.423523,8.26524,0.379526,28.338648,9.546609,2.721262,25.611292,8.214376,0.354206));
obj.triangles.push(Triangle::new(3.635243,-9.2946,-3.247969,-1.954205,-8.539126,-3.522801,2.921567,-6.69182,-8.038221));
obj.triangles.push(Triangle::new(25.723392,-2.958438,-1.730622,23.802614,-3.120935,-3.781355,25.660574,-1.009686,-2.261016));
obj.triangles.push(Triangle::new(5.53271,12.933085,7.515557,-0.580149,14.414016,5.810533,3.47741,8.636218,9.735485));
obj.triangles.push(Triangle::new(26.267323,11.542697,5.964062,25.611292,8.214376,0.354206,28.338648,9.546609,2.721262));
obj.triangles.push(Triangle::new(15.611633,12.592846,-7.816177,12.177002,13.47759,-7.988255,16.598764,16.060036,-5.4821));
obj.triangles.push(Triangle::new(-15.221603,-8.524366,-4.601596,-14.99164,-6.937144,-7.644381,-14.315559,-15.314738,-3.845145));
obj.triangles.push(Triangle::new(26.35262,8.703548,6.3425,25.611292,8.214376,0.354206,26.267323,11.542697,5.964062));
obj.triangles.push(Triangle::new(25.611292,8.214376,0.354206,26.35262,8.703548,6.3425,26.559696,5.238866,0.384505));
obj.triangles.push(Triangle::new(2.379355,3.228654,-10.85417,1.806831,-2.518334,-10.695947,-3.16714,3.753609,-9.590154));
obj.triangles.push(Triangle::new(-42.37612,7.723098,-2.25662,-37.202698,9.749813,-3.114292,-40.782646,5.507622,-3.016296));
obj.triangles.push(Triangle::new(7.693247,8.565435,-9.393695,7.982779,3.411415,-10.667227,3.747569,8.636218,-9.611996));
obj.triangles.push(Triangle::new(-17.788336,-4.04864,-5.335964,-20.790627,0.959148,-5.409461,-16.475616,1.789839,-9.188681));
obj.triangles.push(Triangle::new(-5.145072,12.719008,-6.410397,-5.5432,15.617101,-3.35233,-0.421398,14.403396,-5.84129));
obj.triangles.push(Triangle::new(24.118656,15.942225,-5.93956,22.155088,16.841719,-2.534627,26.298252,14.170763,-4.095478));
obj.triangles.push(Triangle::new(25.265043,16.626715,0.349339,29.028152,12.047561,0.415663,26.298252,14.170763,-4.095478));
obj.triangles.push(Triangle::new(13.433734,-5.661216,2.995614,12.00566,-4.963055,6.285327,8.96152,-8.297771,2.821212));
obj.triangles.push(Triangle::new(22.155088,16.841719,-2.534627,25.265043,16.626715,0.349339,26.298252,14.170763,-4.095478));
obj.triangles.push(Triangle::new(3.747569,8.636218,-9.611996,2.379355,3.228654,-10.85417,-0.686687,9.497152,-8.555845));
obj.triangles.push(Triangle::new(-12.697684,-24.563292,4.370386,-13.964459,-23.800293,3.49959,-11.833417,-16.22927,2.896118));
obj.triangles.push(Triangle::new(25.265043,16.626715,0.349339,26.22151,14.147768,4.570762,29.028152,12.047561,0.415663));
obj.triangles.push(Triangle::new(-20.193428,9.556616,-5.323593,-31.502802,11.449838,-4.628072,-22.417631,11.440688,-4.619882));
obj.triangles.push(Triangle::new(-14.315559,-15.314738,-3.845145,-11.75006,-16.237535,-3.233638,-14.937035,-6.395015,-3.671772));
obj.triangles.push(Triangle::new(-29.495178,7.918603,2.895533,-35.728107,7.177291,2.739763,-29.464197,4.411062,-0.271181));
obj.triangles.push(Triangle::new(16.707106,-6.949171,-4.337694,15.072062,-4.574659,-4.070474,19.791563,-6.849221,-4.867346));
obj.triangles.push(Triangle::new(-13.692308,-17.00733,-5.713887,-14.315559,-15.314738,-3.845145,-14.99164,-6.937144,-7.644381));
obj.triangles.push(Triangle::new(26.22151,14.147768,4.570762,28.338648,9.546609,2.721262,29.028152,12.047561,0.415663));
obj.triangles.push(Triangle::new(21.475138,-11.255631,2.049344,16.57858,-6.947741,4.795787,18.158806,-10.57172,2.622467));
obj.triangles.push(Triangle::new(8.600674,16.738161,2.291385,1.522284,16.105568,4.532282,6.825261,15.373382,5.156841));
obj.triangles.push(Triangle::new(26.267323,11.542697,5.964062,28.338648,9.546609,2.721262,26.22151,14.147768,4.570762));
obj.triangles.push(Triangle::new(-19.931734,1.379931,2.335941,-19.197998,4.879769,5.580347,-22.297264,6.241607,3.630675));
obj.triangles.push(Triangle::new(22.073477,16.842138,3.147218,26.22151,14.147768,4.570762,25.265043,16.626715,0.349339));
obj.triangles.push(Triangle::new(26.22151,14.147768,4.570762,23.943506,15.942225,6.603853,26.267323,11.542697,5.964062));
obj.triangles.push(Triangle::new(23.943506,15.942225,6.603853,26.22151,14.147768,4.570762,22.073477,16.842138,3.147218));
obj.triangles.push(Triangle::new(23.812365,13.366942,8.466909,26.267323,11.542697,5.964062,23.943506,15.942225,6.603853));
obj.triangles.push(Triangle::new(26.267323,11.542697,5.964062,23.812365,13.366942,8.466909,26.35262,8.703548,6.3425));
obj.triangles.push(Triangle::new(-13.964459,-23.800293,3.49959,-13.562471,-18.503601,3.4417,-11.833417,-16.22927,2.896118));
obj.triangles.push(Triangle::new(17.649313,-6.845833,-6.857248,22.884398,-11.31993,-5.640519,21.730902,-10.222846,-3.679071));
obj.triangles.push(Triangle::new(23.812365,13.366942,8.466909,23.943506,15.942225,6.603853,20.148726,14.041015,8.63315));
obj.triangles.push(Triangle::new(20.649513,16.612846,6.646824,23.943506,15.942225,6.603853,22.073477,16.842138,3.147218));
obj.triangles.push(Triangle::new(20.649513,16.612846,6.646824,20.148726,14.041015,8.63315,23.943506,15.942225,6.603853));
obj.triangles.push(Triangle::new(23.812365,13.366942,8.466909,20.148726,14.041015,8.63315,23.956987,8.919378,8.704004));
obj.triangles.push(Triangle::new(23.956987,8.919378,8.704004,26.35262,8.703548,6.3425,23.812365,13.366942,8.466909));
obj.triangles.push(Triangle::new(20.148726,14.041015,8.63315,20.649513,16.612846,6.646824,15.383057,12.592398,8.241511));
obj.triangles.push(Triangle::new(20.080923,10.301751,9.805772,23.956987,8.919378,8.704004,20.148726,14.041015,8.63315));
obj.triangles.push(Triangle::new(20.148726,14.041015,8.63315,15.383057,12.592398,8.241511,20.080923,10.301751,9.805772));
obj.triangles.push(Triangle::new(16.439497,16.060072,5.93656,15.383057,12.592398,8.241511,20.649513,16.612846,6.646824));
obj.triangles.push(Triangle::new(-15.344052,-8.524366,4.167626,-17.490961,-5.29285,4.403073,-15.242182,-6.463468,3.32267));
obj.triangles.push(Triangle::new(7.679823,3.4135,11.02895,2.073359,3.23142,11.059675,8.112534,-2.176824,10.553056));
obj.triangles.push(Triangle::new(22.073477,16.842138,3.147218,16.439497,16.060072,5.93656,20.649513,16.612846,6.646824));
obj.triangles.push(Triangle::new(15.383057,12.592398,8.241511,16.439497,16.060072,5.93656,11.949309,13.47759,8.317976));
obj.triangles.push(Triangle::new(-17.490961,-5.29285,4.403073,-20.002535,-1.885202,1.349843,-20.471014,-5.705745,-0.238115));
obj.triangles.push(Triangle::new(-2.23912,9.322314,8.3865,-9.435088,4.217419,9.541136,-3.433947,3.75566,9.517227));
obj.triangles.push(Triangle::new(12.689878,16.461,6.137331,11.949309,13.47759,8.317976,16.439497,16.060072,5.93656));
obj.triangles.push(Triangle::new(20.080923,10.301751,9.805772,15.383057,12.592398,8.241511,20.51201,5.193099,10.327507));
obj.triangles.push(Triangle::new(20.080923,10.301751,9.805772,20.51201,5.193099,10.327507,23.956987,8.919378,8.704004));
obj.triangles.push(Triangle::new(11.611728,8.928228,9.750065,15.383057,12.592398,8.241511,11.949309,13.47759,8.317976));
obj.triangles.push(Triangle::new(8.41999,-6.274062,-7.862471,2.921567,-6.69182,-8.038221,8.408435,-2.176825,-10.637885));
obj.triangles.push(Triangle::new(15.383057,12.592398,8.241511,11.611728,8.928228,9.750065,16.12379,4.609045,10.327792));
obj.triangles.push(Triangle::new(16.12379,4.609045,10.327792,20.51201,5.193099,10.327507,15.383057,12.592398,8.241511));
obj.triangles.push(Triangle::new(-5.63404,15.617009,3.189472,-5.641371,17.218285,-0.08218,-10.984387,16.888548,3.198206));
obj.triangles.push(Triangle::new(26.35262,8.703548,6.3425,23.956987,8.919378,8.704004,26.50202,4.821389,6.614502));
obj.triangles.push(Triangle::new(23.956987,8.919378,8.704004,20.51201,5.193099,10.327507,23.821974,0.679394,8.4858));
obj.triangles.push(Triangle::new(23.956987,8.919378,8.704004,23.821974,0.679394,8.4858,26.50202,4.821389,6.614502));
obj.triangles.push(Triangle::new(21.469742,1.587139,10.133208,23.821974,0.679394,8.4858,20.51201,5.193099,10.327507));
obj.triangles.push(Triangle::new(20.51201,5.193099,10.327507,16.12379,4.609045,10.327792,21.469742,1.587139,10.133208));
obj.triangles.push(Triangle::new(24.992813,-2.339306,5.037506,26.50202,4.821389,6.614502,23.821974,0.679394,8.4858));
obj.triangles.push(Triangle::new(-8.883881,-2.228389,-8.791602,-9.223923,-4.47348,-6.990335,-10.868138,-0.062386,-9.786928));
obj.triangles.push(Triangle::new(24.992813,-2.339306,5.037506,25.587534,-1.009754,2.969466,26.50202,4.821389,6.614502));
obj.triangles.push(Triangle::new(22.072783,-2.063474,8.593113,23.821974,0.679394,8.4858,21.469742,1.587139,10.133208));
obj.triangles.push(Triangle::new(-17.490961,-5.29285,4.403073,-15.344052,-8.524366,4.167626,-15.338823,-7.339945,7.133777));
obj.triangles.push(Triangle::new(23.821974,0.679394,8.4858,22.072783,-2.063474,8.593113,23.871683,-6.156603,7.139243));
obj.triangles.push(Triangle::new(18.41497,-3.924142,3.136683,24.992813,-2.339306,5.037506,18.260794,-5.816438,3.444905));
obj.triangles.push(Triangle::new(-16.276686,5.631459,-8.406979,-18.897429,4.505968,-6.252806,-14.987918,10.536065,-6.840468));
obj.triangles.push(Triangle::new(-6.191292,0.690471,-9.330367,-5.582425,-3.322658,-7.807457,-8.883881,-2.228389,-8.791602));
obj.triangles.push(Triangle::new(22.780235,-4.774107,3.175886,18.260794,-5.816438,3.444905,24.992813,-2.339306,5.037506));
obj.triangles.push(Triangle::new(18.260794,-5.816438,3.444905,22.780235,-4.774107,3.175886,22.189922,-8.471858,2.783025));
obj.triangles.push(Triangle::new(24.992813,-2.339306,5.037506,24.495354,-6.805883,4.403514,22.780235,-4.774107,3.175886));
obj.triangles.push(Triangle::new(25.28448,-24.545607,-5.344545,25.442673,-24.527222,-3.902636,23.48032,-26.033323,-6.51952));
obj.triangles.push(Triangle::new(22.189922,-8.471858,2.783025,22.780235,-4.774107,3.175886,24.495354,-6.805883,4.403514));
obj.triangles.push(Triangle::new(-5.63404,15.617009,3.189472,1.522284,16.105568,4.532282,-5.641371,17.218285,-0.08218));
obj.triangles.push(Triangle::new(25.855366,-10.971042,-5.855622,24.061556,-6.156468,-6.477128,27.15095,-10.413366,-4.986644));
obj.triangles.push(Triangle::new(25.675877,-11.130627,2.953206,24.251575,-12.583827,2.679247,22.189922,-8.471858,2.783025));
obj.triangles.push(Triangle::new(22.189922,-8.471858,2.783025,24.495354,-6.805883,4.403514,25.675877,-11.130627,2.953206));
obj.triangles.push(Triangle::new(7.427509,8.565435,9.637134,3.47741,8.636218,9.735485,7.679823,3.4135,11.02895));
obj.triangles.push(Triangle::new(26.835697,-10.03511,3.889388,25.675877,-11.130627,2.953206,24.495354,-6.805883,4.403514));
obj.triangles.push(Triangle::new(25.723392,-2.958438,-1.730622,25.136847,0.328362,0.347587,25.587534,-1.009754,2.969466));
obj.triangles.push(Triangle::new(-17.923296,12.491851,4.679041,-22.538195,11.440927,3.98481,-20.334097,9.556705,4.750851));
obj.triangles.push(Triangle::new(25.136847,0.328362,0.347587,26.559696,5.238866,0.384505,25.587534,-1.009754,2.969466));
obj.triangles.push(Triangle::new(13.512174,-5.660678,-2.626604,16.707106,-6.949171,-4.337694,17.24189,-9.731421,-2.638064));
obj.triangles.push(Triangle::new(16.707106,-6.949171,-4.337694,13.512174,-5.660678,-2.626604,15.072062,-4.574659,-4.070474));
obj.triangles.push(Triangle::new(25.575254,-5.297964,1.804637,25.587534,-1.009754,2.969466,23.68779,-3.121194,4.437709));
obj.triangles.push(Triangle::new(-29.404673,7.922619,-3.726366,-35.688576,7.227267,-3.794544,-31.502802,11.449838,-4.628072));
obj.triangles.push(Triangle::new(-11.594584,-8.035114,-7.704344,-10.567986,-7.063107,-6.379681,-11.444376,-16.671242,-5.595207));
obj.triangles.push(Triangle::new(-38.60397,11.79642,-1.99443,-42.37612,7.723098,-2.25662,-38.41836,12.696908,-0.53985));
obj.triangles.push(Triangle::new(-16.367146,-2.449603,8.161388,-15.338823,-7.339945,7.133777,-14.040252,-2.92138,9.063482));
obj.triangles.push(Triangle::new(-0.464632,-6.644403,6.935611,-2.365115,-3.041207,8.414426,-2.113482,-8.535117,3.421119));
obj.triangles.push(Triangle::new(-11.052646,-6.464019,4.157969,-9.415511,-4.475291,6.722624,-10.741881,-7.062827,6.075236));
obj.triangles.push(Triangle::new(8.600674,16.738161,2.291385,3.665752,16.978254,0.047771,1.522284,16.105568,4.532282));
obj.triangles.push(Triangle::new(26.056055,-21.548483,5.055654,25.675877,-11.130627,2.953206,26.835697,-10.03511,3.889388));
obj.triangles.push(Triangle::new(26.835697,-10.03511,3.889388,27.00124,-10.413287,5.73579,26.056055,-21.548483,5.055654));
obj.triangles.push(Triangle::new(25.675877,-11.130627,2.953206,25.323805,-24.52733,4.604296,24.251575,-12.583827,2.679247));
obj.triangles.push(Triangle::new(24.022806,-22.8788,4.180789,24.251575,-12.583827,2.679247,25.323805,-24.52733,4.604296));
obj.triangles.push(Triangle::new(17.05522,0.416325,-10.085703,19.54633,-4.623271,-8.505481,12.981956,-1.747382,-8.853601));
obj.triangles.push(Triangle::new(25.323805,-24.52733,4.604296,25.675877,-11.130627,2.953206,26.056055,-21.548483,5.055654));
obj.triangles.push(Triangle::new(15.072062,-4.574659,-4.070474,14.920409,-6.046648,-4.721843,18.495468,-3.924142,-2.628107));
obj.triangles.push(Triangle::new(3.541143,-9.896491,0.046035,3.635243,-9.2946,-3.247969,7.96626,-9.097842,-1.089765));
obj.triangles.push(Triangle::new(19.507973,-4.150219,5.508123,18.41497,-3.924142,3.136683,14.952835,-4.574748,4.48233));
obj.triangles.push(Triangle::new(-22.297264,6.241607,3.630675,-29.29686,10.768401,3.716745,-29.495178,7.918603,2.895533));
obj.triangles.push(Triangle::new(-10.675551,13.959887,5.424803,-10.984387,16.888548,3.198206,-17.923296,12.491851,4.679041));
obj.triangles.push(Triangle::new(-13.515079,-3.221732,-9.398492,-11.594584,-8.035114,-7.704344,-12.613875,-14.151764,-6.588364));
obj.triangles.push(Triangle::new(-3.16714,3.753609,-9.590154,-2.127112,-3.041208,-8.630121,-6.191292,0.690471,-9.330367));
obj.triangles.push(Triangle::new(-11.125491,-0.215183,9.437411,-9.435088,4.217419,9.541136,-13.998947,1.679919,9.628555));
obj.triangles.push(Triangle::new(-10.897041,16.859602,-3.533847,-5.5432,15.617101,-3.35233,-10.520125,13.959587,-5.727848));
obj.triangles.push(Triangle::new(-16.50498,5.63146,7.942406,-15.172976,10.536065,6.41249,-19.197998,4.879769,5.580347));
obj.triangles.push(Triangle::new(7.679823,3.4135,11.02895,8.112534,-2.176824,10.553056,11.4114,4.09649,10.000775));
obj.triangles.push(Triangle::new(20.827154,16.612846,-6.07483,24.118656,15.942225,-5.93956,20.382023,14.041015,-8.074365));
obj.triangles.push(Triangle::new(-2.127112,-3.041208,-8.630121,-3.16714,3.753609,-9.590154,1.806831,-2.518334,-10.695947));
obj.triangles.push(Triangle::new(-12.613875,-14.151764,-6.588364,-13.692308,-17.00733,-5.713887,-13.515079,-3.221732,-9.398492));
obj.triangles.push(Triangle::new(-15.242182,-6.463468,3.32267,-14.417233,-15.313308,3.436783,-15.344052,-8.524366,4.167626));
obj.triangles.push(Triangle::new(23.802614,-3.120935,-3.781355,25.723392,-2.958438,-1.730622,22.908127,-8.235907,-3.041969));
obj.triangles.push(Triangle::new(12.176772,-4.959636,-5.968867,8.41999,-6.274062,-7.862471,12.981956,-1.747382,-8.853601));
obj.triangles.push(Triangle::new(21.987919,-10.201658,-0.280383,22.908127,-8.235907,-3.041969,24.820936,-7.47318,0.150446));
obj.triangles.push(Triangle::new(-11.444376,-16.671242,-5.595207,-12.251922,-24.267706,-5.318279,-14.097353,-22.944088,-5.929327));
obj.triangles.push(Triangle::new(-3.16714,3.753609,-9.590154,-0.686687,9.497152,-8.555845,2.379355,3.228654,-10.85417));
obj.triangles.push(Triangle::new(-16.276686,5.631459,-8.406979,-14.987918,10.536065,-6.840468,-12.684883,5.771654,-9.437106));
obj.triangles.push(Triangle::new(-11.596084,-16.671362,5.266315,-12.735498,-25.030602,5.676804,-11.833417,-16.22927,2.896118));
obj.triangles.push(Triangle::new(-18.897429,4.505968,-6.252806,-16.276686,5.631459,-8.406979,-16.475616,1.789839,-9.188681));
obj.triangles.push(Triangle::new(26.056055,-21.548483,5.055654,27.00124,-10.413287,5.73579,25.344564,-15.877642,6.056023));
obj.triangles.push(Triangle::new(25.344564,-15.877642,6.056023,25.12554,-24.545317,6.041298,26.056055,-21.548483,5.055654));
obj.triangles.push(Triangle::new(25.681967,-10.971475,6.568059,25.344564,-15.877642,6.056023,27.00124,-10.413287,5.73579));
obj.triangles.push(Triangle::new(-33.138176,5.084325,0.601613,-28.109083,5.003722,-1.714221,-29.464197,4.411062,-0.271181));
obj.triangles.push(Triangle::new(25.12554,-24.545317,6.041298,25.344564,-15.877642,6.056023,23.875036,-22.642933,5.831267));
obj.triangles.push(Triangle::new(20.827154,16.612846,-6.07483,22.155088,16.841719,-2.534627,24.118656,15.942225,-5.93956));
obj.triangles.push(Triangle::new(-5.145072,12.719008,-6.410397,-10.520125,13.959587,-5.727848,-5.5432,15.617101,-3.35233));
obj.triangles.push(Triangle::new(23.802614,-3.120935,-3.781355,19.654264,-4.150219,-4.968446,25.123817,-2.3393,-4.344512));
obj.triangles.push(Triangle::new(25.123817,-2.3393,-4.344512,25.660574,-1.009686,-2.261016,23.802614,-3.120935,-3.781355));
obj.triangles.push(Triangle::new(-5.145072,12.719008,-6.410397,-6.026644,9.027843,-8.548124,-10.520125,13.959587,-5.727848));
obj.triangles.push(Triangle::new(-11.594584,-8.035114,-7.704344,-10.868138,-0.062386,-9.786928,-10.567986,-7.063107,-6.379681));
obj.triangles.push(Triangle::new(8.96152,-8.297771,2.821212,11.036368,-7.48739,-1.901813,13.433734,-5.661216,2.995614));
obj.triangles.push(Triangle::new(-17.788336,-4.04864,-5.335964,-18.502089,-5.72357,-2.88462,-20.790627,0.959148,-5.409461));
obj.triangles.push(Triangle::new(25.681967,-10.971475,6.568059,27.00124,-10.413287,5.73579,23.871683,-6.156603,7.139243));
obj.triangles.push(Triangle::new(22.718363,-11.320158,6.270308,25.344564,-15.877642,6.056023,25.681967,-10.971475,6.568059));
obj.triangles.push(Triangle::new(-28.109083,5.003722,-1.714221,-20.372198,2.415569,-3.25359,-23.652647,0.256963,-0.215861));
obj.triangles.push(Triangle::new(-15.344052,-8.524366,4.167626,-14.417233,-15.313308,3.436783,-15.338823,-7.339945,7.133777));
obj.triangles.push(Triangle::new(23.871683,-6.156603,7.139243,19.246426,-4.58211,9.060818,25.681967,-10.971475,6.568059));
obj.triangles.push(Triangle::new(22.718363,-11.320158,6.270308,25.681967,-10.971475,6.568059,19.246426,-4.58211,9.060818));
obj.triangles.push(Triangle::new(24.317053,-12.583729,-2.008038,22.258991,-8.471698,-2.169529,21.730902,-10.222846,-3.679071));
obj.triangles.push(Triangle::new(22.072783,-2.063474,8.593113,19.246426,-4.58211,9.060818,23.871683,-6.156603,7.139243));
obj.triangles.push(Triangle::new(19.246426,-4.58211,9.060818,17.245066,-6.67403,7.41103,22.718363,-11.320158,6.270308));
obj.triangles.push(Triangle::new(19.246426,-4.58211,9.060818,22.072783,-2.063474,8.593113,16.767056,0.416326,10.551158));
obj.triangles.push(Triangle::new(21.469742,1.587139,10.133208,16.767056,0.416326,10.551158,22.072783,-2.063474,8.593113));
obj.triangles.push(Triangle::new(16.767056,0.416326,10.551158,21.469742,1.587139,10.133208,16.12379,4.609045,10.327792));
obj.triangles.push(Triangle::new(-13.692308,-17.00733,-5.713887,-12.613875,-14.151764,-6.588364,-11.444376,-16.671242,-5.595207));
obj.triangles.push(Triangle::new(7.96626,-9.097842,-1.089765,8.41999,-6.274062,-7.862471,11.036368,-7.48739,-1.901813));
obj.triangles.push(Triangle::new(16.767056,0.416326,10.551158,12.731463,-1.753565,9.085444,19.246426,-4.58211,9.060818));
obj.triangles.push(Triangle::new(17.245066,-6.67403,7.41103,19.246426,-4.58211,9.060818,12.731463,-1.753565,9.085444));
obj.triangles.push(Triangle::new(16.12379,4.609045,10.327792,11.4114,4.09649,10.000775,16.767056,0.416326,10.551158));
obj.triangles.push(Triangle::new(12.731463,-1.753565,9.085444,16.767056,0.416326,10.551158,11.4114,4.09649,10.000775));
obj.triangles.push(Triangle::new(11.4114,4.09649,10.000775,16.12379,4.609045,10.327792,11.611728,8.928228,9.750065));
obj.triangles.push(Triangle::new(17.245066,-6.67403,7.41103,12.731463,-1.753565,9.085444,14.782846,-6.048015,5.129782));
obj.triangles.push(Triangle::new(-10.644843,11.125588,7.283413,-15.172976,10.536065,6.41249,-12.943341,5.771655,9.072391));
obj.triangles.push(Triangle::new(11.611728,8.928228,9.750065,7.427509,8.565435,9.637134,11.4114,4.09649,10.000775));
obj.triangles.push(Triangle::new(11.611728,8.928228,9.750065,11.949309,13.47759,8.317976,7.427509,8.565435,9.637134));
obj.triangles.push(Triangle::new(-31.502802,11.449838,-4.628072,-32.144917,15.629603,-5.10024,-30.730427,14.611137,-4.661521));
obj.triangles.push(Triangle::new(-22.020796,14.080095,2.50338,-22.093401,14.981569,-0.311909,-24.944927,15.397872,0.57234));
obj.triangles.push(Triangle::new(5.53271,12.933085,7.515557,7.427509,8.565435,9.637134,11.949309,13.47759,8.317976));
obj.triangles.push(Triangle::new(11.949309,13.47759,8.317976,12.689878,16.461,6.137331,5.53271,12.933085,7.515557));
obj.triangles.push(Triangle::new(17.245066,-6.67403,7.41103,21.61871,-10.221601,4.277509,22.718363,-11.320158,6.270308));
obj.triangles.push(Triangle::new(21.61871,-10.221601,4.277509,17.245066,-6.67403,7.41103,14.782846,-6.048015,5.129782));
obj.triangles.push(Triangle::new(20.149853,-10.183445,-2.432463,22.908127,-8.235907,-3.041969,21.71554,-12.204665,-1.179404));
obj.triangles.push(Triangle::new(14.782846,-6.048015,5.129782,18.260794,-5.816438,3.444905,21.61871,-10.221601,4.277509));
obj.triangles.push(Triangle::new(18.260794,-5.816438,3.444905,14.782846,-6.048015,5.129782,18.41497,-3.924142,3.136683));
obj.triangles.push(Triangle::new(22.189922,-8.471858,2.783025,21.61871,-10.221601,4.277509,18.260794,-5.816438,3.444905));
obj.triangles.push(Triangle::new(14.952835,-4.574748,4.48233,18.41497,-3.924142,3.136683,14.782846,-6.048015,5.129782));
obj.triangles.push(Triangle::new(-29.495178,7.918603,2.895533,-34.98306,8.581658,3.166607,-35.728107,7.177291,2.739763));
obj.triangles.push(Triangle::new(-21.942251,14.080089,-3.124084,-22.093401,14.981569,-0.311909,-10.897041,16.859602,-3.533847));
obj.triangles.push(Triangle::new(-42.37612,7.723098,-2.25662,-41.273212,5.203682,-2.657907,-43.131264,7.628567,0.51465));
obj.triangles.push(Triangle::new(24.251575,-12.583827,2.679247,21.61871,-10.221601,4.277509,22.189922,-8.471858,2.783025));
obj.triangles.push(Triangle::new(-35.026127,14.65215,-4.255695,-32.698605,16.425406,-4.338353,-32.144917,15.629603,-5.10024));
obj.triangles.push(Triangle::new(-10.984387,16.888548,3.198206,-22.020796,14.080095,2.50338,-17.923296,12.491851,4.679041));
obj.triangles.push(Triangle::new(-13.515079,-3.221732,-9.398492,-16.132784,-2.449603,-8.622369,-13.724544,1.679918,-10.02284));
obj.triangles.push(Triangle::new(-40.90089,5.29045,1.874416,-42.330887,5.333162,0.644182,-41.273212,5.203682,-2.657907));
obj.triangles.push(Triangle::new(21.61871,-10.221601,4.277509,23.836369,-16.25714,4.920489,22.718363,-11.320158,6.270308));
obj.triangles.push(Triangle::new(23.836369,-16.25714,4.920489,21.61871,-10.221601,4.277509,24.251575,-12.583827,2.679247));
obj.triangles.push(Triangle::new(24.028828,-22.642702,-5.169455,23.48032,-26.033323,-6.51952,20.427534,-25.758045,-4.604506));
obj.triangles.push(Triangle::new(1.806831,-2.518334,-10.695947,8.408435,-2.176825,-10.637885,2.921567,-6.69182,-8.038221));
obj.triangles.push(Triangle::new(25.344564,-15.877642,6.056023,22.718363,-11.320158,6.270308,23.836369,-16.25714,4.920489));
obj.triangles.push(Triangle::new(-16.50498,5.63146,7.942406,-12.943341,5.771655,9.072391,-15.172976,10.536065,6.41249));
obj.triangles.push(Triangle::new(-2.113482,-8.535117,3.421119,-2.737988,-9.329652,-0.041644,3.543233,-9.2946,3.341383));
obj.triangles.push(Triangle::new(-20.069372,0.012328,4.616201,-19.197998,4.879769,5.580347,-19.931734,1.379931,2.335941));
obj.triangles.push(Triangle::new(25.855366,-10.971042,-5.855622,27.15095,-10.413366,-4.986644,25.503807,-15.877608,-5.353174));
obj.triangles.push(Triangle::new(24.028828,-22.642702,-5.169455,24.130339,-22.878769,-3.515442,23.964565,-16.257162,-4.260207));
obj.triangles.push(Triangle::new(-33.138176,5.084325,0.601613,-35.72218,5.564248,-2.461985,-28.109083,5.003722,-1.714221));
obj.triangles.push(Triangle::new(24.251575,-12.583827,2.679247,24.022806,-22.8788,4.180789,23.836369,-16.25714,4.920489));
obj.triangles.push(Triangle::new(23.836369,-16.25714,4.920489,23.875036,-22.642933,5.831267,25.344564,-15.877642,6.056023));
obj.triangles.push(Triangle::new(-13.964459,-23.800293,3.49959,-13.956069,-26.232763,3.106537,-17.631205,-26.101591,4.66534));
obj.triangles.push(Triangle::new(-11.13782,17.807268,-0.185867,-10.984387,16.888548,3.198206,-5.641371,17.218285,-0.08218));
obj.triangles.push(Triangle::new(23.875036,-22.642933,5.831267,23.836369,-16.25714,4.920489,24.022806,-22.8788,4.180789));
obj.triangles.push(Triangle::new(24.992813,-2.339306,5.037506,23.68779,-3.121194,4.437709,25.587534,-1.009754,2.969466));
obj.triangles.push(Triangle::new(25.503807,-15.877608,-5.353174,23.964565,-16.257162,-4.260207,22.884398,-11.31993,-5.640519));
obj.triangles.push(Triangle::new(23.964565,-16.257162,-4.260207,25.503807,-15.877608,-5.353174,24.028828,-22.642702,-5.169455));
obj.triangles.push(Triangle::new(19.54633,-4.623271,-8.505481,17.05522,0.416325,-10.085703,22.304173,-2.063444,-7.980278));
obj.triangles.push(Triangle::new(12.177002,13.47759,-7.988255,5.725016,12.934349,-7.361298,12.856391,16.461,-5.787473));
obj.triangles.push(Triangle::new(-2.127112,-3.041208,-8.630121,1.806831,-2.518334,-10.695947,-0.270066,-6.644404,-6.998187));
obj.triangles.push(Triangle::new(-22.297264,6.241607,3.630675,-23.652647,0.256963,-0.215861,-19.931734,1.379931,2.335941));
obj.triangles.push(Triangle::new(-10.567986,-7.063107,-6.379681,-10.930717,-6.463564,-4.472038,-10.905637,-16.223246,-4.137967));
obj.triangles.push(Triangle::new(-5.5432,15.617101,-3.35233,-5.641371,17.218285,-0.08218,1.649877,16.105497,-4.495271));
obj.triangles.push(Triangle::new(-15.338823,-7.339945,7.133777,-16.367146,-2.449603,8.161388,-17.490961,-5.29285,4.403073));
obj.triangles.push(Triangle::new(-13.562471,-18.503601,3.4417,-14.688422,-23.00576,4.640404,-13.846362,-17.007605,5.322114));
obj.triangles.push(Triangle::new(24.061556,-6.156468,-6.477128,25.855366,-10.971042,-5.855622,19.54633,-4.623271,-8.505481));
obj.triangles.push(Triangle::new(20.149853,-10.183445,-2.432463,17.24189,-9.731421,-2.638064,16.707106,-6.949171,-4.337694));
obj.triangles.push(Triangle::new(-20.471014,-5.705745,-0.238115,-16.463531,-7.501808,-0.565019,-17.490961,-5.29285,4.403073));
obj.triangles.push(Triangle::new(-16.463531,-7.501808,-0.565019,-14.937035,-6.395015,-3.671772,-12.750238,-6.748628,-3.105906));
obj.triangles.push(Triangle::new(-10.905637,-16.223246,-4.137967,-11.444376,-16.671242,-5.595207,-10.567986,-7.063107,-6.379681));
obj.triangles.push(Triangle::new(-36.019936,16.051846,-1.969166,-36.167583,13.170598,-4.287916,-38.60397,11.79642,-1.99443));
obj.triangles.push(Triangle::new(-11.052646,-6.464019,4.157969,-11.016843,-16.22191,3.814029,-12.833712,-6.748456,2.741873));
obj.triangles.push(Triangle::new(-19.197998,4.879769,5.580347,-20.069372,0.012328,4.616201,-17.005123,1.752007,8.557931));
obj.triangles.push(Triangle::new(-26.140522,15.030873,-2.995193,-21.942251,14.080089,-3.124084,-22.417631,11.440688,-4.619882));
obj.triangles.push(Triangle::new(-0.270066,-6.644404,-6.998187,-1.954205,-8.539126,-3.522801,-2.127112,-3.041208,-8.630121));
obj.triangles.push(Triangle::new(-32.698605,16.425406,-4.338353,-33.154827,18.64898,-6.969979,-32.777905,17.569979,-3.278733));
obj.triangles.push(Triangle::new(20.382023,14.041015,-8.074365,20.346983,10.301751,-9.248078,15.611633,12.592846,-7.816177));
obj.triangles.push(Triangle::new(2.073359,3.23142,11.059675,7.679823,3.4135,11.02895,3.47741,8.636218,9.735485));
obj.triangles.push(Triangle::new(3.47741,8.636218,9.735485,7.427509,8.565435,9.637134,5.53271,12.933085,7.515557));
obj.triangles.push(Triangle::new(-31.338972,16.38166,-4.757431,-32.698605,16.425406,-4.338353,-30.888355,18.066103,-2.480559));
obj.triangles.push(Triangle::new(-14.162601,-23.552109,-4.074731,-11.75006,-16.237535,-3.233638,-13.460848,-18.50334,-3.825948));
obj.triangles.push(Triangle::new(-10.897041,16.859602,-3.533847,-17.785727,12.491916,-5.184753,-21.942251,14.080089,-3.124084));
obj.triangles.push(Triangle::new(-27.375769,14.437456,3.043109,-22.538195,11.440927,3.98481,-22.020796,14.080095,2.50338));
obj.triangles.push(Triangle::new(8.41999,-6.274062,-7.862471,7.96626,-9.097842,-1.089765,2.921567,-6.69182,-8.038221));
obj.triangles.push(Triangle::new(23.48032,-26.033323,-6.51952,24.028828,-22.642702,-5.169455,25.28448,-24.545607,-5.344545));
obj.triangles.push(Triangle::new(6.825261,15.373382,5.156841,12.689878,16.461,6.137331,8.600674,16.738161,2.291385));
obj.triangles.push(Triangle::new(-32.80699,16.425484,3.416677,-32.856762,17.569979,2.355411,-33.336437,18.648893,6.034147));
obj.triangles.push(Triangle::new(26.056055,-21.548483,5.055654,25.12554,-24.545317,6.041298,25.323805,-24.52733,4.604296));
obj.triangles.push(Triangle::new(22.908127,-8.235907,-3.041969,20.149853,-10.183445,-2.432463,19.791563,-6.849221,-4.867346));
obj.triangles.push(Triangle::new(-3.16714,3.753609,-9.590154,-6.191292,0.690471,-9.330367,-6.026644,9.027843,-8.548124));
obj.triangles.push(Triangle::new(-12.792765,-14.151863,6.226682,-14.040252,-2.92138,9.063482,-13.846362,-17.007605,5.322114));
obj.triangles.push(Triangle::new(24.022806,-22.8788,4.180789,20.291037,-25.758041,5.16606,23.875036,-22.642933,5.831267));
obj.triangles.push(Triangle::new(-15.172976,10.536065,6.41249,-20.334097,9.556705,4.750851,-19.197998,4.879769,5.580347));
obj.triangles.push(Triangle::new(3.635243,-9.2946,-3.247969,2.921567,-6.69182,-8.038221,7.96626,-9.097842,-1.089765));
obj.triangles.push(Triangle::new(3.541143,-9.896491,0.046035,-2.737988,-9.329652,-0.041644,3.635243,-9.2946,-3.247969));
obj.triangles.push(Triangle::new(20.291037,-25.758041,5.16606,24.022806,-22.8788,4.180789,23.897154,-26.241367,3.448262));
obj.triangles.push(Triangle::new(-14.39289,-25.985926,-7.18188,-14.097353,-22.944088,-5.929327,-12.251922,-24.267706,-5.318279));
obj.triangles.push(Triangle::new(2.073359,3.23142,11.059675,-3.433947,3.75566,9.517227,1.512112,-2.518333,10.410362));
obj.triangles.push(Triangle::new(-35.688576,7.227267,-3.794544,-40.782646,5.507622,-3.016296,-37.202698,9.749813,-3.114292));
obj.triangles.push(Triangle::new(-8.883881,-2.228389,-8.791602,-10.868138,-0.062386,-9.786928,-6.191292,0.690471,-9.330367));
obj.triangles.push(Triangle::new(-1.954205,-8.539126,-3.522801,3.635243,-9.2946,-3.247969,-2.737988,-9.329652,-0.041644));
obj.triangles.push(Triangle::new(-29.464197,4.411062,-0.271181,-23.652647,0.256963,-0.215861,-29.495178,7.918603,2.895533));
obj.triangles.push(Triangle::new(23.68779,-3.121194,4.437709,24.992813,-2.339306,5.037506,19.507973,-4.150219,5.508123));
obj.triangles.push(Triangle::new(-29.29686,10.768401,3.716745,-22.297264,6.241607,3.630675,-20.334097,9.556705,4.750851));
obj.triangles.push(Triangle::new(1.512112,-2.518333,10.410362,8.112534,-2.176824,10.553056,2.073359,3.23142,11.059675));
obj.triangles.push(Triangle::new(-6.810033,-7.910763,-0.098504,-9.082789,-6.762601,-2.554317,-1.954205,-8.539126,-3.522801));
obj.triangles.push(Triangle::new(18.41497,-3.924142,3.136683,19.507973,-4.150219,5.508123,24.992813,-2.339306,5.037506));
obj.triangles.push(Triangle::new(25.442673,-24.527222,-3.902636,26.187185,-21.547884,-4.333277,26.736094,-10.200794,-2.762393));
obj.triangles.push(Triangle::new(-38.570786,4.850851,0.647832,-35.72218,5.564248,-2.461985,-33.138176,5.084325,0.601613));
obj.triangles.push(Triangle::new(-5.321955,12.719008,6.257073,-10.675551,13.959887,5.424803,-2.23912,9.322314,8.3865));
obj.triangles.push(Triangle::new(-11.444376,-16.671242,-5.595207,-11.75006,-16.237535,-3.233638,-12.251922,-24.267706,-5.318279));
obj.triangles.push(Triangle::new(23.875036,-22.642933,5.831267,20.291037,-25.758041,5.16606,23.289011,-26.03367,7.165592));
obj.triangles.push(Triangle::new(23.984295,-26.241444,-2.786845,23.48032,-26.033323,-6.51952,25.442673,-24.527222,-3.902636));
obj.triangles.push(Triangle::new(-5.321955,12.719008,6.257073,-5.63404,15.617009,3.189472,-10.675551,13.959887,5.424803));
obj.triangles.push(Triangle::new(-5.5432,15.617101,-3.35233,-10.897041,16.859602,-3.533847,-5.641371,17.218285,-0.08218));
obj.triangles.push(Triangle::new(-3.433947,3.75566,9.517227,2.073359,3.23142,11.059675,-2.23912,9.322314,8.3865));
obj.triangles.push(Triangle::new(18.349958,-5.816438,-2.940513,18.495468,-3.924142,-2.628107,14.920409,-6.046648,-4.721843));
obj.triangles.push(Triangle::new(20.346983,10.301751,-9.248078,20.382023,14.041015,-8.074365,24.190636,8.919686,-8.038832));
obj.triangles.push(Triangle::new(21.730902,-10.222846,-3.679071,14.920409,-6.046648,-4.721843,17.649313,-6.845833,-6.857248));
obj.triangles.push(Triangle::new(-23.652647,0.256963,-0.215861,-20.471014,-5.705745,-0.238115,-20.002535,-1.885202,1.349843));
obj.triangles.push(Triangle::new(-38.60397,11.79642,-1.99443,-38.41836,12.696908,-0.53985,-36.019936,16.051846,-1.969166));
obj.triangles.push(Triangle::new(25.723392,-2.958438,-1.730622,25.575254,-5.297964,1.804637,24.820936,-7.47318,0.150446));
obj.triangles.push(Triangle::new(-10.675551,13.959887,5.424803,-17.923296,12.491851,4.679041,-15.172976,10.536065,6.41249));
obj.triangles.push(Triangle::new(23.897154,-26.241367,3.448262,25.323805,-24.52733,4.604296,23.289011,-26.03367,7.165592));
obj.triangles.push(Triangle::new(12.981956,-1.747382,-8.853601,11.685239,4.099223,-9.610168,17.05522,0.416325,-10.085703));
obj.triangles.push(Triangle::new(-10.520125,13.959587,-5.727848,-14.987918,10.536065,-6.840468,-17.785727,12.491916,-5.184753));
obj.triangles.push(Triangle::new(23.289011,-26.03367,7.165592,25.12554,-24.545317,6.041298,23.875036,-22.642933,5.831267));
obj.triangles.push(Triangle::new(-13.515079,-3.221732,-9.398492,-13.724544,1.679918,-10.02284,-10.868138,-0.062386,-9.786928));
obj.triangles.push(Triangle::new(-11.016843,-16.22191,3.814029,-10.741881,-7.062827,6.075236,-11.596084,-16.671362,5.266315));
obj.triangles.push(Triangle::new(25.12554,-24.545317,6.041298,23.289011,-26.03367,7.165592,25.323805,-24.52733,4.604296));
obj.triangles.push(Triangle::new(14.920409,-6.046648,-4.721843,21.730902,-10.222846,-3.679071,18.349958,-5.816438,-2.940513));
obj.triangles.push(Triangle::new(-10.437227,11.125588,-7.584961,-12.684883,5.771654,-9.437106,-14.987918,10.536065,-6.840468));
obj.triangles.push(Triangle::new(-11.13782,17.807268,-0.185867,-5.641371,17.218285,-0.08218,-10.897041,16.859602,-3.533847));
obj.triangles.push(Triangle::new(1.522284,16.105568,4.532282,-0.580149,14.414016,5.810533,6.825261,15.373382,5.156841));
obj.triangles.push(Triangle::new(-9.164909,4.217418,-9.807681,-6.191292,0.690471,-9.330367,-10.868138,-0.062386,-9.786928));
obj.triangles.push(Triangle::new(-14.162601,-23.552109,-4.074731,-17.750093,-26.115591,-5.405381,-13.862452,-26.229609,-3.502449));
obj.triangles.push(Triangle::new(-14.315559,-15.314738,-3.845145,-13.460848,-18.50334,-3.825948,-11.75006,-16.237535,-3.233638));
obj.triangles.push(Triangle::new(-11.125491,-0.215183,9.437411,-9.170168,-2.138917,8.611016,-9.435088,4.217419,9.541136));
obj.triangles.push(Triangle::new(20.418413,-10.261209,0.511351,18.32316,-11.15586,1.885999,14.700899,-9.602245,-0.191541));
obj.triangles.push(Triangle::new(3.747569,8.636218,-9.611996,5.725016,12.934349,-7.361298,7.693247,8.565435,-9.393695));
obj.triangles.push(Triangle::new(17.649313,-6.845833,-6.857248,14.920409,-6.046648,-4.721843,12.981956,-1.747382,-8.853601));
obj.triangles.push(Triangle::new(13.433734,-5.661216,2.995614,14.724009,-8.959437,2.016692,16.57858,-6.947741,4.795787));
obj.triangles.push(Triangle::new(-11.596084,-16.671362,5.266315,-11.833417,-16.22927,2.896118,-11.016843,-16.22191,3.814029));
obj.triangles.push(Triangle::new(2.379355,3.228654,-10.85417,3.747569,8.636218,-9.611996,7.982779,3.411415,-10.667227));
obj.triangles.push(Triangle::new(-32.777905,17.569979,-3.278733,-33.154827,18.64898,-6.969979,-32.698605,16.425406,-4.338353));
obj.triangles.push(Triangle::new(8.408435,-2.176825,-10.637885,12.981956,-1.747382,-8.853601,8.41999,-6.274062,-7.862471));
obj.triangles.push(Triangle::new(13.512174,-5.660678,-2.626604,12.176772,-4.959636,-5.968867,15.072062,-4.574659,-4.070474));
obj.triangles.push(Triangle::new(7.679823,3.4135,11.02895,11.4114,4.09649,10.000775,7.427509,8.565435,9.637134));
obj.triangles.push(Triangle::new(-11.833417,-16.22927,2.896118,-12.833712,-6.748456,2.741873,-11.016843,-16.22191,3.814029));
obj.triangles.push(Triangle::new(23.897154,-26.241367,3.448262,24.022806,-22.8788,4.180789,25.323805,-24.52733,4.604296));
obj.triangles.push(Triangle::new(20.149853,-10.183445,-2.432463,20.418413,-10.261209,0.511351,18.368792,-11.155796,-1.380854));
obj.triangles.push(Triangle::new(-9.223923,-4.47348,-6.990335,-8.883881,-2.228389,-8.791602,-5.582425,-3.322658,-7.807457));
obj.triangles.push(Triangle::new(6.965264,15.373317,-4.971077,12.856391,16.461,-5.787473,5.725016,12.934349,-7.361298));
obj.triangles.push(Triangle::new(8.660373,16.738203,-2.057025,20.266808,17.612318,0.279357,16.598764,16.060036,-5.4821));
obj.triangles.push(Triangle::new(8.660373,16.738203,-2.057025,16.598764,16.060036,-5.4821,12.856391,16.461,-5.787473));
obj.triangles.push(Triangle::new(-16.463531,-7.501808,-0.565019,-12.750238,-6.748628,-3.105906,-6.810033,-7.910763,-0.098504));
obj.triangles.push(Triangle::new(-0.421398,14.403396,-5.84129,-5.5432,15.617101,-3.35233,1.649877,16.105497,-4.495271));
obj.triangles.push(Triangle::new(25.587534,-1.009754,2.969466,25.575254,-5.297964,1.804637,25.723392,-2.958438,-1.730622));
obj.triangles.push(Triangle::new(23.68779,-3.121194,4.437709,23.01493,-7.432215,4.046352,25.575254,-5.297964,1.804637));
obj.triangles.push(Triangle::new(28.089212,-11.713809,-0.086727,28.958643,-11.112205,0.401272,28.175184,-10.580644,1.184437));
obj.triangles.push(Triangle::new(-5.145072,12.719008,-6.410397,-0.686687,9.497152,-8.555845,-6.026644,9.027843,-8.548124));
obj.triangles.push(Triangle::new(-10.984387,16.888548,3.198206,-10.675551,13.959887,5.424803,-5.63404,15.617009,3.189472));
obj.triangles.push(Triangle::new(24.317053,-12.583729,-2.008038,23.964565,-16.257162,-4.260207,24.130339,-22.878769,-3.515442));
obj.triangles.push(Triangle::new(-35.72218,5.564248,-2.461985,-35.688576,7.227267,-3.794544,-28.109083,5.003722,-1.714221));
obj.triangles.push(Triangle::new(6.965264,15.373317,-4.971077,8.660373,16.738203,-2.057025,12.856391,16.461,-5.787473));
obj.triangles.push(Triangle::new(26.559696,5.238866,0.384505,26.35262,8.703548,6.3425,26.847025,3.984475,3.208589));
obj.triangles.push(Triangle::new(6.825261,15.373382,5.156841,5.53271,12.933085,7.515557,12.689878,16.461,6.137331));
obj.triangles.push(Triangle::new(-20.372198,2.415569,-3.25359,-28.109083,5.003722,-1.714221,-21.846407,6.293636,-4.359272));
obj.triangles.push(Triangle::new(-10.741881,-7.062827,6.075236,-11.016843,-16.22191,3.814029,-11.052646,-6.464019,4.157969));
obj.triangles.push(Triangle::new(1.649877,16.105497,-4.495271,6.965264,15.373317,-4.971077,-0.421398,14.403396,-5.84129));
obj.triangles.push(Triangle::new(2.697469,-6.691819,8.010545,1.512112,-2.518333,10.410362,-0.464632,-6.644403,6.935611));
obj.triangles.push(Triangle::new(16.598764,16.060036,-5.4821,20.827154,16.612846,-6.07483,15.611633,12.592846,-7.816177));
obj.triangles.push(Triangle::new(-11.444376,-16.671242,-5.595207,-12.613875,-14.151764,-6.588364,-11.594584,-8.035114,-7.704344));
obj.triangles.push(Triangle::new(11.036368,-7.48739,-1.901813,8.96152,-8.297771,2.821212,7.96626,-9.097842,-1.089765));
obj.triangles.push(Triangle::new(-17.750093,-26.115591,-5.405381,-14.39289,-25.985926,-7.18188,-13.862452,-26.229609,-3.502449));
obj.triangles.push(Triangle::new(19.647833,-6.848576,5.411328,23.68779,-3.121194,4.437709,19.507973,-4.150219,5.508123));
obj.triangles.push(Triangle::new(13.433734,-5.661216,2.995614,14.952835,-4.574748,4.48233,12.00566,-4.963055,6.285327));
obj.triangles.push(Triangle::new(13.433734,-5.661216,2.995614,12.764687,-6.111056,0.174872,14.724009,-8.959437,2.016692));
obj.triangles.push(Triangle::new(23.01493,-7.432215,4.046352,23.68779,-3.121194,4.437709,19.647833,-6.848576,5.411328));
obj.triangles.push(Triangle::new(14.920409,-6.046648,-4.721843,15.072062,-4.574659,-4.070474,12.176772,-4.959636,-5.968867));
obj.triangles.push(Triangle::new(-43.131264,7.628567,0.51465,-38.41836,12.696908,-0.53985,-42.37612,7.723098,-2.25662));
obj.triangles.push(Triangle::new(16.57858,-6.947741,4.795787,14.952835,-4.574748,4.48233,13.433734,-5.661216,2.995614));
obj.triangles.push(Triangle::new(14.724009,-8.959437,2.016692,14.700899,-9.602245,-0.191541,18.32316,-11.15586,1.885999));
obj.triangles.push(Triangle::new(-23.652647,0.256963,-0.215861,-20.284018,-1.390365,-1.84055,-20.471014,-5.705745,-0.238115));
obj.triangles.push(Triangle::new(8.198727,-6.274061,7.983323,2.697469,-6.691819,8.010545,8.96152,-8.297771,2.821212));
obj.triangles.push(Triangle::new(18.495468,-3.924142,-2.628107,25.123817,-2.3393,-4.344512,19.654264,-4.150219,-4.968446));
obj.triangles.push(Triangle::new(-10.868138,-0.062386,-9.786928,-11.594584,-8.035114,-7.704344,-13.515079,-3.221732,-9.398492));
obj.triangles.push(Triangle::new(28.958643,-11.112205,0.401272,28.089212,-11.713809,-0.086727,29.670828,6.486971,0.408862));
obj.triangles.push(Triangle::new(-13.692308,-17.00733,-5.713887,-11.444376,-16.671242,-5.595207,-14.097353,-22.944088,-5.929327));
obj.triangles.push(Triangle::new(-14.99164,-6.937144,-7.644381,-13.515079,-3.221732,-9.398492,-13.692308,-17.00733,-5.713887));
obj.triangles.push(Triangle::new(14.724009,-8.959437,2.016692,18.158806,-10.57172,2.622467,16.57858,-6.947741,4.795787));
obj.triangles.push(Triangle::new(-14.937035,-6.395015,-3.671772,-16.463531,-7.501808,-0.565019,-18.502089,-5.72357,-2.88462));
obj.triangles.push(Triangle::new(-20.334097,9.556705,4.750851,-22.538195,11.440927,3.98481,-29.29686,10.768401,3.716745));
obj.triangles.push(Triangle::new(-31.502802,11.449838,-4.628072,-35.026127,14.65215,-4.255695,-32.144917,15.629603,-5.10024));
obj.triangles.push(Triangle::new(22.304173,-2.063444,-7.980278,24.061556,-6.156468,-6.477128,19.54633,-4.623271,-8.505481));
obj.triangles.push(Triangle::new(-9.170168,-2.138917,8.611016,-11.125491,-0.215183,9.437411,-9.415511,-4.475291,6.722624));
obj.triangles.push(Triangle::new(5.725016,12.934349,-7.361298,3.747569,8.636218,-9.611996,-0.421398,14.403396,-5.84129));
obj.triangles.push(Triangle::new(-0.686687,9.497152,-8.555845,-0.421398,14.403396,-5.84129,3.747569,8.636218,-9.611996));
obj.triangles.push(Triangle::new(-5.321955,12.719008,6.257073,-0.580149,14.414016,5.810533,-5.63404,15.617009,3.189472));
obj.triangles.push(Triangle::new(-32.777905,17.569979,-3.278733,-30.888355,18.066103,-2.480559,-32.698605,16.425406,-4.338353));
obj.triangles.push(Triangle::new(20.418413,-10.261209,0.511351,21.987919,-10.201658,-0.280383,21.475138,-11.255631,2.049344));
obj.triangles.push(Triangle::new(-16.475616,1.789839,-9.188681,-13.724544,1.679918,-10.02284,-16.132784,-2.449603,-8.622369));
obj.triangles.push(Triangle::new(-6.810033,-7.910763,-0.098504,-2.737988,-9.329652,-0.041644,-2.113482,-8.535117,3.421119));
obj.triangles.push(Triangle::new(-11.052646,-6.464019,4.157969,-9.15047,-6.762601,2.292581,-9.415511,-4.475291,6.722624));
obj.triangles.push(Triangle::new(-5.582425,-3.322658,-7.807457,-1.954205,-8.539126,-3.522801,-9.082789,-6.762601,-2.554317));
obj.triangles.push(Triangle::new(22.908127,-8.235907,-3.041969,21.987919,-10.201658,-0.280383,21.71554,-12.204665,-1.179404));
obj.triangles.push(Triangle::new(-3.16714,3.753609,-9.590154,-6.026644,9.027843,-8.548124,-0.686687,9.497152,-8.555845));
obj.triangles.push(Triangle::new(-11.75006,-16.237535,-3.233638,-10.905637,-16.223246,-4.137967,-12.750238,-6.748628,-3.105906));
obj.triangles.push(Triangle::new(2.921567,-6.69182,-8.038221,-0.270066,-6.644404,-6.998187,1.806831,-2.518334,-10.695947));
obj.triangles.push(Triangle::new(8.112534,-2.176824,10.553056,8.198727,-6.274061,7.983323,12.731463,-1.753565,9.085444));
obj.triangles.push(Triangle::new(-10.644843,11.125588,7.283413,-12.943341,5.771655,9.072391,-2.23912,9.322314,8.3865));
obj.triangles.push(Triangle::new(-12.833712,-6.748456,2.741873,-15.242182,-6.463468,3.32267,-16.463531,-7.501808,-0.565019));
obj.triangles.push(Triangle::new(-14.688422,-23.00576,4.640404,-13.964459,-23.800293,3.49959,-17.631205,-26.101591,4.66534));
obj.triangles.push(Triangle::new(-5.803149,-3.319387,7.648311,-2.365115,-3.041207,8.414426,-6.449303,0.691839,9.147037));
obj.triangles.push(Triangle::new(-2.127112,-3.041208,-8.630121,-1.954205,-8.539126,-3.522801,-5.582425,-3.322658,-7.807457));
obj.triangles.push(Triangle::new(-29.404673,7.922619,-3.726366,-28.109083,5.003722,-1.714221,-35.688576,7.227267,-3.794544));
obj.triangles.push(Triangle::new(25.28448,-24.545607,-5.344545,24.028828,-22.642702,-5.169455,25.503807,-15.877608,-5.353174));
obj.triangles.push(Triangle::new(1.512112,-2.518333,10.410362,2.697469,-6.691819,8.010545,8.112534,-2.176824,10.553056));
obj.triangles.push(Triangle::new(-2.365115,-3.041207,8.414426,-0.464632,-6.644403,6.935611,1.512112,-2.518333,10.410362));
obj.triangles.push(Triangle::new(12.731463,-1.753565,9.085444,11.4114,4.09649,10.000775,8.112534,-2.176824,10.553056));
obj.triangles.push(Triangle::new(-9.223923,-4.47348,-6.990335,-10.567986,-7.063107,-6.379681,-10.868138,-0.062386,-9.786928));
obj.triangles.push(Triangle::new(-31.502802,11.449838,-4.628072,-35.688576,7.227267,-3.794544,-36.167583,13.170598,-4.287916));
obj.triangles.push(Triangle::new(-13.562471,-18.503601,3.4417,-13.846362,-17.007605,5.322114,-14.417233,-15.313308,3.436783));
obj.triangles.push(Triangle::new(-14.040252,-2.92138,9.063482,-11.125491,-0.215183,9.437411,-13.998947,1.679919,9.628555));
obj.triangles.push(Triangle::new(-10.644843,11.125588,7.283413,-2.23912,9.322314,8.3865,-10.675551,13.959887,5.424803));
obj.triangles.push(Triangle::new(16.405968,4.609044,-9.880384,17.05522,0.416325,-10.085703,11.685239,4.099223,-9.610168));
obj.triangles.push(Triangle::new(25.503807,-15.877608,-5.353174,26.187185,-21.547884,-4.333277,25.28448,-24.545607,-5.344545));
obj.triangles.push(Triangle::new(19.791563,-6.849221,-4.867346,19.654264,-4.150219,-4.968446,23.802614,-3.120935,-3.781355));
obj.triangles.push(Triangle::new(16.405968,4.609044,-9.880384,15.611633,12.592846,-7.816177,20.792475,5.193099,-9.757916));
obj.triangles.push(Triangle::new(-40.90089,5.29045,1.874416,-43.131264,7.628567,0.51465,-42.330887,5.333162,0.644182));
obj.triangles.push(Triangle::new(-11.596084,-16.671362,5.266315,-11.826528,-8.005843,7.403806,-12.792765,-14.151863,6.226682));
obj.triangles.push(Triangle::new(-14.040252,-2.92138,9.063482,-13.998947,1.679919,9.628555,-16.367146,-2.449603,8.161388));
obj.triangles.push(Triangle::new(3.541143,-9.896491,0.046035,7.96626,-9.097842,-1.089765,3.543233,-9.2946,3.341383));
obj.triangles.push(Triangle::new(1.806831,-2.518334,-10.695947,2.379355,3.228654,-10.85417,8.408435,-2.176825,-10.637885));
obj.triangles.push(Triangle::new(-33.138176,5.084325,0.601613,-29.464197,4.411062,-0.271181,-35.728107,7.177291,2.739763));
obj.triangles.push(Triangle::new(-38.64509,11.795614,0.908638,-38.41836,12.696908,-0.53985,-43.131264,7.628567,0.51465));
obj.triangles.push(Triangle::new(-43.131264,7.628567,0.51465,-40.90089,5.29045,1.874416,-34.98306,8.581658,3.166607));
obj.triangles.push(Triangle::new(-43.131264,7.628567,0.51465,-34.98306,8.581658,3.166607,-38.64509,11.795614,0.908638));
obj.triangles.push(Triangle::new(-12.735498,-25.030602,5.676804,-12.697684,-24.563292,4.370386,-11.833417,-16.22927,2.896118));
obj.triangles.push(Triangle::new(3.665752,16.978254,0.047771,-5.641371,17.218285,-0.08218,1.522284,16.105568,4.532282));
obj.triangles.push(Triangle::new(-30.888355,18.066103,-2.480559,-26.140522,15.030873,-2.995193,-31.338972,16.38166,-4.757431));
obj.triangles.push(Triangle::new(-2.365115,-3.041207,8.414426,1.512112,-2.518333,10.410362,-3.433947,3.75566,9.517227));
obj.triangles.push(Triangle::new(11.879427,8.928228,-9.421194,7.693247,8.565435,-9.393695,12.177002,13.47759,-7.988255));
obj.triangles.push(Triangle::new(-14.097353,-22.944088,-5.929327,-14.162601,-23.552109,-4.074731,-13.692308,-17.00733,-5.713887));
obj.triangles.push(Triangle::new(3.541143,-9.896491,0.046035,3.543233,-9.2946,3.341383,-2.737988,-9.329652,-0.041644));
obj.triangles.push(Triangle::new(26.736094,-10.200794,-2.762393,24.317053,-12.583729,-2.008038,25.442673,-24.527222,-3.902636));
obj.triangles.push(Triangle::new(-40.782646,5.507622,-3.016296,-41.273212,5.203682,-2.657907,-42.37612,7.723098,-2.25662));
obj.triangles.push(Triangle::new(-32.32845,18.89851,-1.141186,-32.777905,17.569979,-3.278733,-36.019936,16.051846,-1.969166));
obj.triangles.push(Triangle::new(3.543233,-9.2946,3.341383,8.96152,-8.297771,2.821212,2.697469,-6.691819,8.010545));
obj.triangles.push(Triangle::new(-30.730427,14.611137,-4.661521,-22.417631,11.440688,-4.619882,-31.502802,11.449838,-4.628072));
obj.triangles.push(Triangle::new(-38.64509,11.795614,0.908638,-34.98306,8.581658,3.166607,-35.89945,12.746188,3.351886));
obj.triangles.push(Triangle::new(26.847025,3.984475,3.208589,26.50202,4.821389,6.614502,25.587534,-1.009754,2.969466));
obj.triangles.push(Triangle::new(-6.449303,0.691839,9.147037,-9.435088,4.217419,9.541136,-9.170168,-2.138917,8.611016));
obj.triangles.push(Triangle::new(-20.002535,-1.885202,1.349843,-17.490961,-5.29285,4.403073,-20.069372,0.012328,4.616201));
obj.triangles.push(Triangle::new(21.475138,-11.255631,2.049344,18.158806,-10.57172,2.622467,20.418413,-10.261209,0.511351));
obj.triangles.push(Triangle::new(-38.64509,11.795614,0.908638,-36.602764,13.889592,2.870934,-38.41836,12.696908,-0.53985));
obj.triangles.push(Triangle::new(20.346983,10.301751,-9.248078,24.190636,8.919686,-8.038832,20.792475,5.193099,-9.757916));
obj.triangles.push(Triangle::new(-9.082789,-6.762601,-2.554317,-12.750238,-6.748628,-3.105906,-10.930717,-6.463564,-4.472038));
obj.triangles.push(Triangle::new(-36.602764,13.889592,2.870934,-33.698193,18.478237,0.593545,-38.41836,12.696908,-0.53985));
obj.triangles.push(Triangle::new(-10.437227,11.125588,-7.584961,-6.026644,9.027843,-8.548124,-12.684883,5.771654,-9.437106));
obj.triangles.push(Triangle::new(-11.444376,-16.671242,-5.595207,-10.905637,-16.223246,-4.137967,-11.75006,-16.237535,-3.233638));
obj.triangles.push(Triangle::new(-12.943341,5.771655,9.072391,-13.998947,1.679919,9.628555,-9.435088,4.217419,9.541136));
obj.triangles.push(Triangle::new(-36.602764,13.889592,2.870934,-38.64509,11.795614,0.908638,-35.89945,12.746188,3.351886));
obj.triangles.push(Triangle::new(3.47741,8.636218,9.735485,-2.23912,9.322314,8.3865,2.073359,3.23142,11.059675));
obj.triangles.push(Triangle::new(8.41999,-6.274062,-7.862471,12.176772,-4.959636,-5.968867,11.036368,-7.48739,-1.901813));
obj.triangles.push(Triangle::new(17.649313,-6.845833,-6.857248,12.981956,-1.747382,-8.853601,19.54633,-4.623271,-8.505481));
obj.triangles.push(Triangle::new(-28.109083,5.003722,-1.714221,-29.404673,7.922619,-3.726366,-21.846407,6.293636,-4.359272));
obj.triangles.push(Triangle::new(13.512174,-5.660678,-2.626604,11.036368,-7.48739,-1.901813,12.176772,-4.959636,-5.968867));
obj.triangles.push(Triangle::new(11.879427,8.928228,-9.421194,11.685239,4.099223,-9.610168,7.693247,8.565435,-9.393695));
obj.triangles.push(Triangle::new(19.507973,-4.150219,5.508123,14.952835,-4.574748,4.48233,19.647833,-6.848576,5.411328));
obj.triangles.push(Triangle::new(23.984295,-26.241444,-2.786845,25.442673,-24.527222,-3.902636,24.130339,-22.878769,-3.515442));
obj.triangles.push(Triangle::new(28.958643,-11.112205,0.401272,29.670828,6.486971,0.408862,28.175184,-10.580644,1.184437));
obj.triangles.push(Triangle::new(7.982779,3.411415,-10.667227,7.693247,8.565435,-9.393695,11.685239,4.099223,-9.610168));
obj.triangles.push(Triangle::new(-36.602764,13.889592,2.870934,-35.89945,12.746188,3.351886,-32.76767,12.88665,3.957814));
obj.triangles.push(Triangle::new(-11.826528,-8.005843,7.403806,-11.596084,-16.671362,5.266315,-10.741881,-7.062827,6.075236));
obj.triangles.push(Triangle::new(15.611633,12.592846,-7.816177,16.405968,4.609044,-9.880384,11.879427,8.928228,-9.421194));
obj.triangles.push(Triangle::new(-21.846407,6.293636,-4.359272,-18.897429,4.505968,-6.252806,-20.372198,2.415569,-3.25359));
obj.triangles.push(Triangle::new(-32.76767,12.88665,3.957814,-32.274567,15.629725,4.193658,-36.602764,13.889592,2.870934));
obj.triangles.push(Triangle::new(-10.930717,-6.463564,-4.472038,-9.223923,-4.47348,-6.990335,-9.082789,-6.762601,-2.554317));
obj.triangles.push(Triangle::new(-33.698193,18.478237,0.593545,-36.602764,13.889592,2.870934,-32.856762,17.569979,2.355411));
obj.triangles.push(Triangle::new(-32.80699,16.425484,3.416677,-32.856762,17.569979,2.355411,-36.602764,13.889592,2.870934));
obj.triangles.push(Triangle::new(-36.602764,13.889592,2.870934,-32.274567,15.629725,4.193658,-32.80699,16.425484,3.416677));
obj.triangles.push(Triangle::new(-19.197998,4.879769,5.580347,-20.334097,9.556705,4.750851,-22.297264,6.241607,3.630675));
obj.triangles.push(Triangle::new(-16.463531,-7.501808,-0.565019,-6.810033,-7.910763,-0.098504,-12.833712,-6.748456,2.741873));
obj.triangles.push(Triangle::new(-36.019936,16.051846,-1.969166,-33.698193,18.478237,0.593545,-32.32845,18.89851,-1.141186));
obj.triangles.push(Triangle::new(21.987919,-10.201658,-0.280383,20.149853,-10.183445,-2.432463,21.71554,-12.204665,-1.179404));
obj.triangles.push(Triangle::new(-16.132784,-2.449603,-8.622369,-17.788336,-4.04864,-5.335964,-16.475616,1.789839,-9.188681));
obj.triangles.push(Triangle::new(-20.334097,9.556705,4.750851,-15.172976,10.536065,6.41249,-17.923296,12.491851,4.679041));
obj.triangles.push(Triangle::new(-14.99164,-6.937144,-7.644381,-17.788336,-4.04864,-5.335964,-16.132784,-2.449603,-8.622369));
obj.triangles.push(Triangle::new(-30.945475,18.066103,1.609972,-33.698193,18.478237,0.593545,-32.856762,17.569979,2.355411));
obj.triangles.push(Triangle::new(-30.945475,18.066103,1.609972,-32.32845,18.89851,-1.141186,-33.698193,18.478237,0.593545));
obj.triangles.push(Triangle::new(-32.856762,17.569979,2.355411,-32.80699,16.425484,3.416677,-30.945475,18.066103,1.609972));
obj.triangles.push(Triangle::new(-35.026127,14.65215,-4.255695,-31.502802,11.449838,-4.628072,-36.167583,13.170598,-4.287916));
obj.triangles.push(Triangle::new(-31.502802,11.449838,-4.628072,-20.193428,9.556616,-5.323593,-21.846407,6.293636,-4.359272));
obj.triangles.push(Triangle::new(-31.459324,16.381552,3.873359,-30.945475,18.066103,1.609972,-32.80699,16.425484,3.416677));
obj.triangles.push(Triangle::new(-31.459324,16.381552,3.873359,-32.80699,16.425484,3.416677,-32.274567,15.629725,4.193658));
obj.triangles.push(Triangle::new(-16.089506,-26.033726,6.556078,-12.735498,-25.030602,5.676804,-14.167623,-22.802225,5.536588));
obj.triangles.push(Triangle::new(18.158806,-10.57172,2.622467,18.32316,-11.15586,1.885999,20.418413,-10.261209,0.511351));
obj.triangles.push(Triangle::new(-30.945475,18.066103,1.609972,-31.459324,16.381552,3.873359,-24.944927,15.397872,0.57234));
obj.triangles.push(Triangle::new(-30.036793,15.612816,3.81829,-24.944927,15.397872,0.57234,-31.459324,16.381552,3.873359));
obj.triangles.push(Triangle::new(-17.750093,-26.115591,-5.405381,-14.162601,-23.552109,-4.074731,-14.097353,-22.944088,-5.929327));
obj.triangles.push(Triangle::new(5.725016,12.934349,-7.361298,12.177002,13.47759,-7.988255,7.693247,8.565435,-9.393695));
obj.triangles.push(Triangle::new(-9.435088,4.217419,9.541136,-2.23912,9.322314,8.3865,-12.943341,5.771655,9.072391));
obj.triangles.push(Triangle::new(-32.76767,12.88665,3.957814,-30.848572,14.61111,3.794884,-32.274567,15.629725,4.193658));
obj.triangles.push(Triangle::new(-32.76767,12.88665,3.957814,-29.29686,10.768401,3.716745,-30.848572,14.61111,3.794884));
obj.triangles.push(Triangle::new(-12.750238,-6.748628,-3.105906,-14.937035,-6.395015,-3.671772,-11.75006,-16.237535,-3.233638));
obj.triangles.push(Triangle::new(-34.98306,8.581658,3.166607,-32.76767,12.88665,3.957814,-35.89945,12.746188,3.351886));
obj.triangles.push(Triangle::new(-29.29686,10.768401,3.716745,-32.76767,12.88665,3.957814,-29.495178,7.918603,2.895533));
obj.triangles.push(Triangle::new(-34.98306,8.581658,3.166607,-29.495178,7.918603,2.895533,-32.76767,12.88665,3.957814));
obj.triangles.push(Triangle::new(-22.417631,11.440688,-4.619882,-21.942251,14.080089,-3.124084,-17.785727,12.491916,-5.184753));
